Docker-yuvalsnir@ef.technion.ac.il@visl-184u:/data/yuvalsnir@ef.technion.ac.il$ python baseline2.py
classes with at least N samples: 890
train_df (235709, 2)
test_df (117577, 3)
found classes 890
Loaded pretrained weights for efficientnet-b0
Docker-yuvalsnir@ef.technion.ac.il@visl-184u:/data/yuvalsnir@ef.technion.ac.il$ python baseline2.py
classes with at least N samples: 890
train_df (235709, 2)
test_df (117577, 3)
found classes 890
Loaded pretrained weights for efficientnet-b0
--------------------------------------------------
epoch 0
total batches: 3682

epoch    batch             time    (avg time)        loss   (avg loss)    GAP score   (avg score)
---------------------------------------------------------------------------------------------------------
0     |  [0/3682]       || 0.638 | (0.638)      || 6.7609 | (6.7609)    || 0.0000   |   (0.0000)        ||
0     |  [10/3682]      || 0.054 | (0.149)      || 6.7710 | (6.7354)    || 0.0000   |   (0.0003)        ||
0     |  [20/3682]      || 0.245 | (0.135)      || 6.8263 | (6.7654)    || 0.0000   |   (0.0002)        ||
0     |  [30/3682]      || 0.054 | (0.122)      || 6.8083 | (6.7890)    || 0.0000   |   (0.0002)        ||
0     |  [40/3682]      || 0.264 | (0.121)      || 6.8663 | (6.7844)    || 0.0000   |   (0.0002)        ||
0     |  [50/3682]      || 0.054 | (0.117)      || 6.8320 | (6.7958)    || 0.0000   |   (0.0002)        ||
0     |  [60/3682]      || 0.265 | (0.117)      || 6.7285 | (6.7967)    || 0.0004   |   (0.0002)        ||
0     |  [70/3682]      || 0.055 | (0.115)      || 6.7546 | (6.7975)    || 0.0003   |   (0.0003)        ||
0     |  [80/3682]      || 0.321 | (0.116)      || 6.7817 | (6.7976)    || 0.0003   |   (0.0002)        ||
0     |  [90/3682]      || 0.055 | (0.114)      || 6.7594 | (6.7955)    || 0.0003   |   (0.0002)        ||
0     |  [100/3682]     || 0.283 | (0.115)      || 6.7464 | (6.7914)    || 0.0000   |   (0.0002)        ||
0     |  [110/3682]     || 0.054 | (0.114)      || 6.7852 | (6.7876)    || 0.0000   |   (0.0002)        ||
0     |  [120/3682]     || 0.296 | (0.115)      || 6.8627 | (6.7852)    || 0.0000   |   (0.0002)        ||
0     |  [130/3682]     || 0.054 | (0.113)      || 6.7789 | (6.7909)    || 0.0000   |   (0.0002)        ||
0     |  [140/3682]     || 0.253 | (0.113)      || 6.7662 | (6.7924)    || 0.0000   |   (0.0002)        ||
0     |  [150/3682]     || 0.055 | (0.113)      || 6.6330 | (6.7887)    || 0.0000   |   (0.0001)        ||
0     |  [160/3682]     || 0.272 | (0.113)      || 6.8252 | (6.7599)    || 0.0000   |   (0.0015)        ||
0     |  [170/3682]     || 0.054 | (0.113)      || 6.8522 | (6.7604)    || 0.0000   |   (0.0014)        ||
0     |  [180/3682]     || 0.288 | (0.113)      || 6.0581 | (6.7429)    || 0.0000   |   (0.0013)        ||
0     |  [190/3682]     || 0.054 | (0.113)      || 6.7627 | (6.7415)    || 0.0000   |   (0.0012)        ||
0     |  [200/3682]     || 0.293 | (0.113)      || 6.8044 | (6.7453)    || 0.0000   |   (0.0012)        ||
0     |  [210/3682]     || 0.054 | (0.112)      || 6.7764 | (6.7462)    || 0.0000   |   (0.0011)        ||
0     |  [220/3682]     || 0.240 | (0.112)      || 6.7762 | (6.7464)    || 0.0000   |   (0.0011)        ||
0     |  [230/3682]     || 0.054 | (0.112)      || 6.5930 | (6.7494)    || 0.0000   |   (0.0010)        ||
0     |  [240/3682]     || 0.275 | (0.112)      || 6.7929 | (6.7295)    || 0.0000   |   (0.0010)        ||
0     |  [250/3682]     || 0.055 | (0.112)      || 6.4577 | (6.7301)    || 0.0000   |   (0.0009)        ||
0     |  [260/3682]     || 0.286 | (0.112)      || 6.8737 | (6.7341)    || 0.0000   |   (0.0009)        ||
0     |  [270/3682]     || 0.055 | (0.112)      || 6.9632 | (6.7377)    || 0.0000   |   (0.0009)        ||
0     |  [280/3682]     || 0.256 | (0.112)      || 6.9005 | (6.7420)    || 0.0000   |   (0.0008)        ||
0     |  [290/3682]     || 0.054 | (0.112)      || 6.9528 | (6.7477)    || 0.0000   |   (0.0008)        ||
0     |  [300/3682]     || 0.268 | (0.112)      || 6.4562 | (6.7492)    || 0.0000   |   (0.0008)        ||
0     |  [310/3682]     || 0.054 | (0.112)      || 6.9170 | (6.7486)    || 0.0000   |   (0.0008)        ||
0     |  [320/3682]     || 0.291 | (0.112)      || 6.4186 | (6.7479)    || 0.0000   |   (0.0007)        ||
0     |  [330/3682]     || 0.054 | (0.112)      || 6.9757 | (6.7287)    || 0.0000   |   (0.0007)        ||
0     |  [340/3682]     || 0.283 | (0.112)      || 5.5882 | (6.7194)    || 0.0000   |   (0.0007)        ||
0     |  [350/3682]     || 0.055 | (0.112)      || 2.9897 | (6.6493)    || 0.2953   |   (0.0017)        ||
0     |  [360/3682]     || 0.312 | (0.112)      || 8.5635 | (6.5706)    || 0.0000   |   (0.0185)        ||
0     |  [370/3682]     || 0.054 | (0.112)      || 7.3882 | (6.6198)    || 0.0000   |   (0.0180)        ||
0     |  [380/3682]     || 0.294 | (0.112)      || 7.0404 | (6.6366)    || 0.0000   |   (0.0176)        ||
0     |  [390/3682]     || 0.055 | (0.112)      || 6.7442 | (6.6430)    || 0.0000   |   (0.0171)        ||
0     |  [400/3682]     || 0.314 | (0.112)      || 6.8178 | (6.6487)    || 0.0000   |   (0.0167)        ||
0     |  [410/3682]     || 0.056 | (0.112)      || 6.8866 | (6.6527)    || 0.0000   |   (0.0163)        ||
0     |  [420/3682]     || 0.307 | (0.112)      || 6.9262 | (6.6563)    || 0.0000   |   (0.0159)        ||
0     |  [430/3682]     || 0.054 | (0.112)      || 6.3569 | (6.6526)    || 0.0292   |   (0.0156)        ||
0     |  [440/3682]     || 0.266 | (0.112)      || 6.6748 | (6.6539)    || 0.0000   |   (0.0153)        ||
0     |  [450/3682]     || 0.055 | (0.112)      || 6.7918 | (6.6562)    || 0.0000   |   (0.0149)        ||
0     |  [460/3682]     || 0.299 | (0.112)      || 6.7283 | (6.6562)    || 0.0000   |   (0.0146)        ||
0     |  [470/3682]     || 0.055 | (0.112)      || 6.4915 | (6.6461)    || 0.0000   |   (0.0143)        ||
0     |  [480/3682]     || 0.260 | (0.112)      || 6.7691 | (6.6449)    || 0.0000   |   (0.0140)        ||
0     |  [490/3682]     || 0.054 | (0.112)      || 5.5065 | (6.6410)    || 0.0000   |   (0.0137)        ||
0     |  [500/3682]     || 0.277 | (0.112)      || 6.5766 | (6.6392)    || 0.0000   |   (0.0134)        ||
0     |  [510/3682]     || 0.055 | (0.112)      || 6.8826 | (6.6356)    || 0.0000   |   (0.0132)        ||
0     |  [520/3682]     || 0.262 | (0.112)      || 6.7478 | (6.6296)    || 0.0000   |   (0.0129)        ||
0     |  [530/3682]     || 0.056 | (0.112)      || 6.5826 | (6.6308)    || 0.0000   |   (0.0127)        ||
0     |  [540/3682]     || 0.283 | (0.112)      || 5.7411 | (6.6293)    || 0.0000   |   (0.0125)        ||
0     |  [550/3682]     || 0.055 | (0.111)      || 6.5584 | (6.6299)    || 0.0000   |   (0.0122)        ||
0     |  [560/3682]     || 0.276 | (0.111)      || 7.1358 | (6.6226)    || 0.0000   |   (0.0120)        ||
0     |  [570/3682]     || 0.056 | (0.111)      || 6.5431 | (6.6251)    || 0.0000   |   (0.0118)        ||
0     |  [580/3682]     || 0.285 | (0.111)      || 6.5607 | (6.6250)    || 0.0000   |   (0.0116)        ||
0     |  [590/3682]     || 0.055 | (0.111)      || 6.8734 | (6.6271)    || 0.0000   |   (0.0114)        ||
0     |  [600/3682]     || 0.295 | (0.111)      || 6.5909 | (6.6280)    || 0.0000   |   (0.0112)        ||
0     |  [610/3682]     || 0.054 | (0.111)      || 6.7757 | (6.6282)    || 0.0000   |   (0.0110)        ||
0     |  [620/3682]     || 0.289 | (0.111)      || 6.8536 | (6.6311)    || 0.0000   |   (0.0108)        ||
0     |  [630/3682]     || 0.054 | (0.111)      || 6.8158 | (6.6330)    || 0.0000   |   (0.0107)        ||
0     |  [640/3682]     || 0.291 | (0.111)      || 6.5898 | (6.6355)    || 0.0000   |   (0.0105)        ||
0     |  [650/3682]     || 0.055 | (0.111)      || 4.7745 | (6.6126)    || 0.3759   |   (0.0129)        ||
0     |  [660/3682]     || 0.281 | (0.111)      || 7.2581 | (6.6206)    || 0.0000   |   (0.0127)        ||
0     |  [670/3682]     || 0.054 | (0.111)      || 5.8465 | (6.6219)    || 0.0000   |   (0.0125)        ||
0     |  [680/3682]     || 0.279 | (0.111)      || 6.1245 | (6.6059)    || 0.0000   |   (0.0125)        ||
0     |  [690/3682]     || 0.055 | (0.111)      || 7.0060 | (6.6085)    || 0.0000   |   (0.0123)        ||
0     |  [700/3682]     || 0.279 | (0.112)      || 6.8383 | (6.6089)    || 0.0000   |   (0.0121)        ||
0     |  [710/3682]     || 0.054 | (0.111)      || 6.9608 | (6.6037)    || 0.0000   |   (0.0120)        ||
0     |  [720/3682]     || 0.272 | (0.112)      || 4.9660 | (6.5974)    || 0.0000   |   (0.0118)        ||
0     |  [730/3682]     || 0.054 | (0.111)      || 7.1525 | (6.5859)    || 0.0000   |   (0.0116)        ||
0     |  [740/3682]     || 0.262 | (0.112)      || 6.4367 | (6.5905)    || 0.0000   |   (0.0115)        ||
0     |  [750/3682]     || 0.055 | (0.111)      || 6.5846 | (6.5873)    || 0.0000   |   (0.0113)        ||
0     |  [760/3682]     || 0.297 | (0.112)      || 2.1784 | (6.5616)    || 0.9349   |   (0.0124)        ||
0     |  [770/3682]     || 0.055 | (0.111)      || 5.6219 | (6.5644)    || 0.0000   |   (0.0131)        ||
0     |  [780/3682]     || 0.298 | (0.112)      || 5.7541 | (6.5560)    || 0.0000   |   (0.0129)        ||
0     |  [790/3682]     || 0.055 | (0.111)      || 6.5011 | (6.5562)    || 0.0000   |   (0.0128)        ||
0     |  [800/3682]     || 0.270 | (0.112)      || 6.5606 | (6.5565)    || 0.0000   |   (0.0126)        ||
0     |  [810/3682]     || 0.055 | (0.111)      || 6.7941 | (6.5553)    || 0.0000   |   (0.0125)        ||
0     |  [820/3682]     || 0.263 | (0.112)      || 6.3058 | (6.5561)    || 0.0000   |   (0.0123)        ||
0     |  [830/3682]     || 0.054 | (0.111)      || 6.0333 | (6.5508)    || 0.0000   |   (0.0122)        ||
0     |  [840/3682]     || 0.276 | (0.112)      || 7.9069 | (6.5242)    || 0.0000   |   (0.0140)        ||
0     |  [850/3682]     || 0.054 | (0.112)      || 6.5262 | (6.5330)    || 0.0000   |   (0.0138)        ||
0     |  [860/3682]     || 0.283 | (0.112)      || 6.1793 | (6.5320)    || 0.0000   |   (0.0137)        ||
0     |  [870/3682]     || 0.054 | (0.111)      || 0.9425 | (6.4958)    || 0.9844   |   (0.0188)        ||
0     |  [880/3682]     || 0.267 | (0.112)      || 6.1267 | (6.5050)    || 0.0000   |   (0.0186)        ||
0     |  [890/3682]     || 0.054 | (0.111)      || 6.8025 | (6.5026)    || 0.0000   |   (0.0184)        ||
0     |  [900/3682]     || 0.276 | (0.112)      || 1.6931 | (6.4804)    || 1.0000   |   (0.0193)        ||
0     |  [910/3682]     || 0.054 | (0.111)      || 6.0380 | (6.4852)    || 0.0000   |   (0.0196)        ||
0     |  [920/3682]     || 0.299 | (0.112)      || 7.0471 | (6.4839)    || 0.0000   |   (0.0194)        ||
0     |  [930/3682]     || 0.054 | (0.112)      || 6.8398 | (6.4856)    || 0.0000   |   (0.0192)        ||
0     |  [940/3682]     || 0.279 | (0.112)      || 5.8173 | (6.4867)    || 0.0000   |   (0.0190)        ||
0     |  [950/3682]     || 0.054 | (0.111)      || 4.4093 | (6.4816)    || 0.0000   |   (0.0188)        ||
0     |  [960/3682]     || 0.360 | (0.112)      || 6.2706 | (6.4829)    || 0.0000   |   (0.0186)        ||
0     |  [970/3682]     || 0.054 | (0.112)      || 7.5225 | (6.4736)    || 0.0000   |   (0.0186)        ||
0     |  [980/3682]     || 0.319 | (0.112)      || 6.3597 | (6.4769)    || 0.0000   |   (0.0184)        ||
0     |  [990/3682]     || 0.055 | (0.112)      || 5.6540 | (6.4772)    || 0.0000   |   (0.0182)        ||
0     |  [1000/3682]    || 0.274 | (0.112)      || 5.6350 | (6.4752)    || 0.0000   |   (0.0181)        ||
0     |  [1010/3682]    || 0.056 | (0.112)      || 6.2498 | (6.4765)    || 0.0000   |   (0.0179)        ||
0     |  [1020/3682]    || 0.271 | (0.112)      || 6.8078 | (6.4778)    || 0.0000   |   (0.0177)        ||
0     |  [1030/3682]    || 0.056 | (0.112)      || 5.2379 | (6.4762)    || 0.0000   |   (0.0175)        ||
0     |  [1040/3682]    || 0.277 | (0.112)      || 6.3816 | (6.4749)    || 0.0000   |   (0.0174)        ||
0     |  [1050/3682]    || 0.054 | (0.112)      || 6.4794 | (6.4761)    || 0.0000   |   (0.0172)        ||
0     |  [1060/3682]    || 0.310 | (0.112)      || 5.9210 | (6.4745)    || 0.0000   |   (0.0170)        ||
0     |  [1070/3682]    || 0.054 | (0.112)      || 6.9450 | (6.4774)    || 0.0000   |   (0.0169)        ||
0     |  [1080/3682]    || 0.269 | (0.112)      || 6.5543 | (6.4792)    || 0.0000   |   (0.0167)        ||
0     |  [1090/3682]    || 0.054 | (0.112)      || 6.5445 | (6.4808)    || 0.0000   |   (0.0166)        ||
0     |  [1100/3682]    || 0.285 | (0.112)      || 6.5604 | (6.4814)    || 0.0000   |   (0.0164)        ||
0     |  [1110/3682]    || 0.055 | (0.112)      || 6.8889 | (6.4824)    || 0.0000   |   (0.0163)        ||
0     |  [1120/3682]    || 0.232 | (0.112)      || 6.8528 | (6.4839)    || 0.0000   |   (0.0161)        ||
0     |  [1130/3682]    || 0.055 | (0.112)      || 6.0604 | (6.4856)    || 0.0000   |   (0.0160)        ||
0     |  [1140/3682]    || 0.247 | (0.112)      || 6.8559 | (6.4886)    || 0.0000   |   (0.0158)        ||
0     |  [1150/3682]    || 0.055 | (0.112)      || 6.5396 | (6.4901)    || 0.0000   |   (0.0157)        ||
0     |  [1160/3682]    || 0.285 | (0.112)      || 6.9489 | (6.4835)    || 0.0000   |   (0.0156)        ||
0     |  [1170/3682]    || 0.056 | (0.112)      || 6.3278 | (6.4837)    || 0.0000   |   (0.0155)        ||
0     |  [1180/3682]    || 0.264 | (0.112)      || 5.2479 | (6.4808)    || 0.0000   |   (0.0153)        ||
0     |  [1190/3682]    || 0.055 | (0.112)      || 5.8886 | (6.4811)    || 0.0000   |   (0.0152)        ||
0     |  [1200/3682]    || 0.268 | (0.112)      || 5.7742 | (6.4807)    || 0.0000   |   (0.0151)        ||
0     |  [1210/3682]    || 0.055 | (0.112)      || 6.8471 | (6.4789)    || 0.0000   |   (0.0150)        ||
0     |  [1220/3682]    || 0.247 | (0.112)      || 5.3908 | (6.4788)    || 0.0000   |   (0.0148)        ||
0     |  [1230/3682]    || 0.055 | (0.112)      || 6.4104 | (6.4788)    || 0.0000   |   (0.0147)        ||
0     |  [1240/3682]    || 0.276 | (0.112)      || 5.6322 | (6.4779)    || 0.0000   |   (0.0146)        ||
0     |  [1250/3682]    || 0.055 | (0.112)      || 6.3933 | (6.4762)    || 0.0000   |   (0.0145)        ||
0     |  [1260/3682]    || 0.318 | (0.112)      || 6.4930 | (6.4729)    || 0.0000   |   (0.0144)        ||
0     |  [1270/3682]    || 0.055 | (0.112)      || 6.8877 | (6.4676)    || 0.0000   |   (0.0143)        ||
0     |  [1280/3682]    || 0.253 | (0.112)      || 6.0853 | (6.4685)    || 0.0000   |   (0.0141)        ||
0     |  [1290/3682]    || 0.055 | (0.112)      || 6.2006 | (6.4681)    || 0.0000   |   (0.0140)        ||
0     |  [1300/3682]    || 0.273 | (0.112)      || 3.4026 | (6.4587)    || 0.0000   |   (0.0139)        ||
0     |  [1310/3682]    || 0.055 | (0.112)      || 6.6974 | (6.4592)    || 0.0000   |   (0.0138)        ||
0     |  [1320/3682]    || 0.288 | (0.112)      || 6.4184 | (6.4596)    || 0.0000   |   (0.0137)        ||
0     |  [1330/3682]    || 0.055 | (0.112)      || 6.4914 | (6.4564)    || 0.0000   |   (0.0136)        ||
0     |  [1340/3682]    || 0.231 | (0.112)      || 4.9275 | (6.4566)    || 0.0000   |   (0.0135)        ||
0     |  [1350/3682]    || 0.055 | (0.112)      || 6.9949 | (6.4512)    || 0.0000   |   (0.0144)        ||
0     |  [1360/3682]    || 0.220 | (0.112)      || 6.7169 | (6.4533)    || 0.0000   |   (0.0143)        ||
0     |  [1370/3682]    || 0.054 | (0.112)      || 6.5907 | (6.4538)    || 0.0000   |   (0.0142)        ||
0     |  [1380/3682]    || 0.218 | (0.112)      || 5.3859 | (6.4518)    || 0.0000   |   (0.0141)        ||
0     |  [1390/3682]    || 0.055 | (0.112)      || 6.8243 | (6.4478)    || 0.0000   |   (0.0140)        ||
0     |  [1400/3682]    || 0.238 | (0.112)      || 6.6745 | (6.4450)    || 0.0000   |   (0.0139)        ||
0     |  [1410/3682]    || 0.055 | (0.112)      || 6.7049 | (6.4464)    || 0.0000   |   (0.0138)        ||
0     |  [1420/3682]    || 0.251 | (0.112)      || 6.4676 | (6.4479)    || 0.0000   |   (0.0137)        ||
0     |  [1430/3682]    || 0.054 | (0.112)      || 6.8370 | (6.4494)    || 0.0000   |   (0.0136)        ||
0     |  [1440/3682]    || 0.282 | (0.112)      || 6.7080 | (6.4503)    || 0.0000   |   (0.0135)        ||
0     |  [1450/3682]    || 0.054 | (0.112)      || 4.8515 | (6.4489)    || 0.0000   |   (0.0135)        ||
0     |  [1460/3682]    || 0.275 | (0.112)      || 0.0470 | (6.4158)    || 1.0000   |   (0.0191)        ||
0     |  [1470/3682]    || 0.055 | (0.112)      || 0.0020 | (6.3722)    || 1.0000   |   (0.0258)        ||
0     |  [1480/3682]    || 0.244 | (0.112)      || 6.9493 | (6.3869)    || 0.0000   |   (0.0258)        ||
0     |  [1490/3682]    || 0.055 | (0.112)      || 6.9060 | (6.3891)    || 0.0000   |   (0.0256)        ||
0     |  [1500/3682]    || 0.287 | (0.112)      || 6.9857 | (6.3901)    || 0.0000   |   (0.0255)        ||
0     |  [1510/3682]    || 0.055 | (0.112)      || 5.5796 | (6.3853)    || 0.0002   |   (0.0253)        ||
0     |  [1520/3682]    || 0.291 | (0.112)      || 6.8044 | (6.3884)    || 0.0000   |   (0.0251)        ||
0     |  [1530/3682]    || 0.055 | (0.112)      || 6.3286 | (6.3894)    || 0.0000   |   (0.0250)        ||
0     |  [1540/3682]    || 0.265 | (0.112)      || 4.5275 | (6.3873)    || 0.0000   |   (0.0248)        ||
0     |  [1550/3682]    || 0.056 | (0.112)      || 5.8898 | (6.3891)    || 0.0000   |   (0.0247)        ||
0     |  [1560/3682]    || 0.309 | (0.112)      || 6.7668 | (6.3904)    || 0.0000   |   (0.0245)        ||
0     |  [1570/3682]    || 0.056 | (0.112)      || 6.3936 | (6.3908)    || 0.0000   |   (0.0243)        ||
0     |  [1580/3682]    || 0.237 | (0.112)      || 6.5549 | (6.3924)    || 0.0000   |   (0.0242)        ||
0     |  [1590/3682]    || 0.055 | (0.112)      || 6.4629 | (6.3907)    || 0.0000   |   (0.0240)        ||
0     |  [1600/3682]    || 0.229 | (0.112)      || 6.7601 | (6.3908)    || 0.0000   |   (0.0239)        ||
0     |  [1610/3682]    || 0.055 | (0.112)      || 6.5408 | (6.3900)    || 0.0000   |   (0.0237)        ||
0     |  [1620/3682]    || 0.219 | (0.112)      || 6.4447 | (6.3896)    || 0.0000   |   (0.0236)        ||
0     |  [1630/3682]    || 0.055 | (0.112)      || 6.7474 | (6.3911)    || 0.0000   |   (0.0234)        ||
0     |  [1640/3682]    || 0.237 | (0.112)      || 6.6411 | (6.3913)    || 0.0000   |   (0.0233)        ||
0     |  [1650/3682]    || 0.054 | (0.112)      || 6.6096 | (6.3921)    || 0.0000   |   (0.0232)        ||
0     |  [1660/3682]    || 0.185 | (0.112)      || 6.6923 | (6.3930)    || 0.0000   |   (0.0230)        ||
0     |  [1670/3682]    || 0.054 | (0.112)      || 6.4265 | (6.3941)    || 0.0000   |   (0.0229)        ||
0     |  [1680/3682]    || 0.104 | (0.112)      || 4.9414 | (6.3939)    || 0.0000   |   (0.0228)        ||
0     |  [1690/3682]    || 0.054 | (0.112)      || 6.4206 | (6.3948)    || 0.0000   |   (0.0226)        ||
0     |  [1700/3682]    || 0.134 | (0.112)      || 5.9444 | (6.3958)    || 0.0000   |   (0.0225)        ||
0     |  [1710/3682]    || 0.055 | (0.112)      || 3.6658 | (6.3931)    || 0.0000   |   (0.0224)        ||
0     |  [1720/3682]    || 0.157 | (0.112)      || 6.6336 | (6.3954)    || 0.0000   |   (0.0222)        ||
0     |  [1730/3682]    || 0.055 | (0.112)      || 6.3460 | (6.3948)    || 0.0000   |   (0.0221)        ||
0     |  [1740/3682]    || 0.178 | (0.112)      || 6.8214 | (6.3942)    || 0.0000   |   (0.0220)        ||
0     |  [1750/3682]    || 0.054 | (0.112)      || 6.6347 | (6.3881)    || 0.0000   |   (0.0219)        ||
0     |  [1760/3682]    || 0.303 | (0.112)      || 6.7585 | (6.3893)    || 0.0000   |   (0.0218)        ||
0     |  [1770/3682]    || 0.054 | (0.112)      || 6.5654 | (6.3907)    || 0.0000   |   (0.0217)        ||
0     |  [1780/3682]    || 0.270 | (0.112)      || 6.7760 | (6.3907)    || 0.0000   |   (0.0216)        ||
0     |  [1790/3682]    || 0.054 | (0.112)      || 6.9168 | (6.3926)    || 0.0000   |   (0.0215)        ||
0     |  [1800/3682]    || 0.270 | (0.112)      || 4.6563 | (6.3913)    || 0.0000   |   (0.0213)        ||
0     |  [1810/3682]    || 0.054 | (0.112)      || 7.0486 | (6.3933)    || 0.0000   |   (0.0212)        ||
0     |  [1820/3682]    || 0.267 | (0.112)      || 6.7403 | (6.3938)    || 0.0000   |   (0.0211)        ||
0     |  [1830/3682]    || 0.054 | (0.112)      || 6.9651 | (6.3943)    || 0.0000   |   (0.0210)        ||
0     |  [1840/3682]    || 0.304 | (0.112)      || 6.9623 | (6.3943)    || 0.0000   |   (0.0209)        ||
0     |  [1850/3682]    || 0.055 | (0.112)      || 6.5198 | (6.3954)    || 0.0000   |   (0.0208)        ||
0     |  [1860/3682]    || 0.287 | (0.112)      || 3.8253 | (6.3929)    || 0.0000   |   (0.0207)        ||
0     |  [1870/3682]    || 0.055 | (0.112)      || 6.3876 | (6.3916)    || 0.0000   |   (0.0211)        ||
0     |  [1880/3682]    || 0.255 | (0.112)      || 7.2208 | (6.3902)    || 0.0000   |   (0.0210)        ||
0     |  [1890/3682]    || 0.054 | (0.112)      || 6.7861 | (6.3904)    || 0.0000   |   (0.0209)        ||
0     |  [1900/3682]    || 0.292 | (0.112)      || 6.4184 | (6.3918)    || 0.0000   |   (0.0208)        ||
0     |  [1910/3682]    || 0.055 | (0.112)      || 6.6580 | (6.3853)    || 0.0000   |   (0.0215)        ||
0     |  [1920/3682]    || 0.283 | (0.112)      || 6.4664 | (6.3855)    || 0.0000   |   (0.0214)        ||
0     |  [1930/3682]    || 0.054 | (0.112)      || 5.8012 | (6.3862)    || 0.0000   |   (0.0213)        ||
0     |  [1940/3682]    || 0.280 | (0.112)      || 6.7815 | (6.3885)    || 0.0000   |   (0.0211)        ||
0     |  [1950/3682]    || 0.054 | (0.112)      || 6.4639 | (6.3902)    || 0.0000   |   (0.0210)        ||
0     |  [1960/3682]    || 0.275 | (0.112)      || 6.4579 | (6.3898)    || 0.0000   |   (0.0209)        ||
0     |  [1970/3682]    || 0.054 | (0.111)      || 0.2105 | (6.3719)    || 1.0000   |   (0.0228)        ||
0     |  [1980/3682]    || 0.276 | (0.112)      || 10.6178 | (6.3686)   || 0.0000   |   (0.0253)        ||
0     |  [1990/3682]    || 0.054 | (0.111)      || 5.9295 | (6.3695)    || 0.0000   |   (0.0251)        ||
0     |  [2000/3682]    || 0.278 | (0.112)      || 7.1504 | (6.3688)    || 0.0000   |   (0.0250)        ||
0     |  [2010/3682]    || 0.054 | (0.111)      || 7.2426 | (6.3659)    || 0.0000   |   (0.0249)        ||
0     |  [2020/3682]    || 0.261 | (0.111)      || 6.3068 | (6.3672)    || 0.0000   |   (0.0248)        ||
0     |  [2030/3682]    || 0.054 | (0.111)      || 6.8783 | (6.3677)    || 0.0000   |   (0.0246)        ||
0     |  [2040/3682]    || 0.292 | (0.112)      || 6.9807 | (6.3647)    || 0.0000   |   (0.0245)        ||
0     |  [2050/3682]    || 0.054 | (0.111)      || 6.8145 | (6.3663)    || 0.0000   |   (0.0244)        ||
0     |  [2060/3682]    || 0.226 | (0.112)      || 7.1945 | (6.3649)    || 0.0000   |   (0.0243)        ||
0     |  [2070/3682]    || 0.054 | (0.111)      || 6.9364 | (6.3670)    || 0.0000   |   (0.0242)        ||
0     |  [2080/3682]    || 0.228 | (0.112)      || 6.3150 | (6.3680)    || 0.0000   |   (0.0240)        ||
0     |  [2090/3682]    || 0.054 | (0.112)      || 5.3421 | (6.3683)    || 0.0000   |   (0.0239)        ||
0     |  [2100/3682]    || 0.234 | (0.112)      || 5.8114 | (6.3695)    || 0.0000   |   (0.0238)        ||
0     |  [2110/3682]    || 0.054 | (0.112)      || 9.4950 | (6.3561)    || 0.0000   |   (0.0255)        ||
0     |  [2120/3682]    || 0.294 | (0.112)      || 6.3345 | (6.3617)    || 0.0000   |   (0.0253)        ||
0     |  [2130/3682]    || 0.054 | (0.112)      || 6.4713 | (6.3620)    || 0.0000   |   (0.0252)        ||
0     |  [2140/3682]    || 0.273 | (0.112)      || 6.8553 | (6.3639)    || 0.0000   |   (0.0251)        ||
0     |  [2150/3682]    || 0.054 | (0.112)      || 5.3304 | (6.3639)    || 0.0000   |   (0.0250)        ||
0     |  [2160/3682]    || 0.249 | (0.112)      || 6.7212 | (6.3658)    || 0.0000   |   (0.0249)        ||
0     |  [2170/3682]    || 0.057 | (0.112)      || 6.4923 | (6.3662)    || 0.0000   |   (0.0248)        ||
0     |  [2180/3682]    || 0.244 | (0.112)      || 6.9105 | (6.3657)    || 0.0000   |   (0.0246)        ||
0     |  [2190/3682]    || 0.054 | (0.112)      || 6.4472 | (6.3673)    || 0.0000   |   (0.0245)        ||
0     |  [2200/3682]    || 0.229 | (0.112)      || 5.6544 | (6.3666)    || 0.0000   |   (0.0244)        ||
0     |  [2210/3682]    || 0.054 | (0.112)      || 6.9326 | (6.3664)    || 0.0000   |   (0.0243)        ||
0     |  [2220/3682]    || 0.231 | (0.112)      || 6.5604 | (6.3663)    || 0.0000   |   (0.0242)        ||
0     |  [2230/3682]    || 0.054 | (0.112)      || 3.3951 | (6.3640)    || 0.0000   |   (0.0241)        ||
0     |  [2240/3682]    || 0.232 | (0.112)      || 0.0016 | (6.3384)    || 1.0000   |   (0.0284)        ||
0     |  [2250/3682]    || 0.054 | (0.112)      || 0.0001 | (6.3102)    || 1.0000   |   (0.0327)        ||
0     |  [2260/3682]    || 0.286 | (0.112)      || 17.2372 | (6.3011)   || 0.0000   |   (0.0359)        ||
0     |  [2270/3682]    || 0.054 | (0.112)      || 6.8997 | (6.3076)    || 0.0000   |   (0.0357)        ||
0     |  [2280/3682]    || 0.260 | (0.112)      || 7.0356 | (6.3087)    || 0.0000   |   (0.0356)        ||
0     |  [2290/3682]    || 0.054 | (0.112)      || 6.3000 | (6.3106)    || 0.0000   |   (0.0354)        ||
0     |  [2300/3682]    || 0.276 | (0.112)      || 6.9533 | (6.3115)    || 0.0000   |   (0.0353)        ||
0     |  [2310/3682]    || 0.054 | (0.112)      || 6.5233 | (6.3129)    || 0.0000   |   (0.0351)        ||
0     |  [2320/3682]    || 0.243 | (0.112)      || 6.5982 | (6.3146)    || 0.0000   |   (0.0350)        ||
0     |  [2330/3682]    || 0.055 | (0.112)      || 6.9283 | (6.3162)    || 0.0000   |   (0.0348)        ||
0     |  [2340/3682]    || 0.265 | (0.112)      || 5.3655 | (6.3166)    || 0.0000   |   (0.0347)        ||
0     |  [2350/3682]    || 0.054 | (0.112)      || 7.2296 | (6.3168)    || 0.0000   |   (0.0345)        ||
0     |  [2360/3682]    || 0.278 | (0.112)      || 6.8521 | (6.3172)    || 0.0000   |   (0.0344)        ||
0     |  [2370/3682]    || 0.054 | (0.112)      || 7.2934 | (6.3183)    || 0.0000   |   (0.0342)        ||
0     |  [2380/3682]    || 0.267 | (0.112)      || 6.0380 | (6.3202)    || 0.0000   |   (0.0341)        ||
0     |  [2390/3682]    || 0.054 | (0.112)      || 6.3496 | (6.3218)    || 0.0000   |   (0.0339)        ||
0     |  [2400/3682]    || 0.311 | (0.112)      || 5.9323 | (6.3232)    || 0.0000   |   (0.0338)        ||
0     |  [2410/3682]    || 0.054 | (0.112)      || 6.2073 | (6.3243)    || 0.0000   |   (0.0337)        ||
0     |  [2420/3682]    || 0.293 | (0.112)      || 5.4513 | (6.3250)    || 0.0000   |   (0.0335)        ||
0     |  [2430/3682]    || 0.054 | (0.112)      || 6.8622 | (6.3242)    || 0.0000   |   (0.0334)        ||
0     |  [2440/3682]    || 0.263 | (0.112)      || 5.5536 | (6.3255)    || 0.0000   |   (0.0332)        ||
0     |  [2450/3682]    || 0.054 | (0.112)      || 7.0589 | (6.3255)    || 0.0000   |   (0.0332)        ||
0     |  [2460/3682]    || 0.327 | (0.112)      || 5.3655 | (6.3257)    || 0.0000   |   (0.0331)        ||
0     |  [2470/3682]    || 0.054 | (0.112)      || 0.0105 | (6.3067)    || 1.0000   |   (0.0358)        ||
0     |  [2480/3682]    || 0.338 | (0.112)      || 0.0001 | (6.2813)    || 1.0000   |   (0.0396)        ||
0     |  [2490/3682]    || 0.056 | (0.112)      || 0.0000 | (6.2561)    || 1.0000   |   (0.0435)        ||
0     |  [2500/3682]    || 0.336 | (0.112)      || 0.0000 | (6.2310)    || 1.0000   |   (0.0473)        ||
0     |  [2510/3682]    || 0.055 | (0.112)      || 0.0000 | (6.2062)    || 1.0000   |   (0.0511)        ||
0     |  [2520/3682]    || 0.326 | (0.112)      || 0.0000 | (6.1816)    || 1.0000   |   (0.0549)        ||
0     |  [2530/3682]    || 0.055 | (0.112)      || 0.0000 | (6.1572)    || 1.0000   |   (0.0586)        ||
0     |  [2540/3682]    || 0.340 | (0.112)      || 0.0000 | (6.1330)    || 1.0000   |   (0.0623)        ||
0     |  [2550/3682]    || 0.054 | (0.112)      || 0.0000 | (6.1089)    || 1.0000   |   (0.0660)        ||
0     |  [2560/3682]    || 0.291 | (0.112)      || 7.2433 | (6.1143)    || 0.0000   |   (0.0669)        ||
0     |  [2570/3682]    || 0.054 | (0.112)      || 4.5297 | (6.1140)    || 0.0000   |   (0.0667)        ||
0     |  [2580/3682]    || 0.283 | (0.112)      || 8.4980 | (6.0978)    || 0.1805   |   (0.0688)        ||
0     |  [2590/3682]    || 0.055 | (0.112)      || 6.7629 | (6.1101)    || 0.0000   |   (0.0686)        ||
0     |  [2600/3682]    || 0.294 | (0.112)      || 6.8180 | (6.1128)    || 0.0000   |   (0.0683)        ||
0     |  [2610/3682]    || 0.054 | (0.112)      || 5.6018 | (6.1141)    || 0.0000   |   (0.0680)        ||
0     |  [2620/3682]    || 0.316 | (0.112)      || 6.9043 | (6.1167)    || 0.0000   |   (0.0678)        ||
0     |  [2630/3682]    || 0.054 | (0.112)      || 6.8447 | (6.1184)    || 0.0000   |   (0.0675)        ||
0     |  [2640/3682]    || 0.289 | (0.112)      || 7.8118 | (6.1171)    || 0.0000   |   (0.0673)        ||
0     |  [2650/3682]    || 0.054 | (0.112)      || 6.2987 | (6.1183)    || 0.0000   |   (0.0670)        ||
0     |  [2660/3682]    || 0.270 | (0.112)      || 7.0631 | (6.1212)    || 0.0000   |   (0.0668)        ||
0     |  [2670/3682]    || 0.054 | (0.112)      || 6.3488 | (6.1227)    || 0.0000   |   (0.0665)        ||
0     |  [2680/3682]    || 0.261 | (0.112)      || 7.1595 | (6.1252)    || 0.0000   |   (0.0663)        ||
0     |  [2690/3682]    || 0.054 | (0.112)      || 6.9201 | (6.1278)    || 0.0000   |   (0.0660)        ||
0     |  [2700/3682]    || 0.262 | (0.112)      || 6.1899 | (6.1286)    || 0.0000   |   (0.0658)        ||
0     |  [2710/3682]    || 0.054 | (0.112)      || 4.4442 | (6.1288)    || 0.0000   |   (0.0655)        ||
0     |  [2720/3682]    || 0.264 | (0.112)      || 7.1234 | (6.1304)    || 0.0000   |   (0.0653)        ||
0     |  [2730/3682]    || 0.054 | (0.112)      || 4.7804 | (6.1313)    || 0.0000   |   (0.0650)        ||
0     |  [2740/3682]    || 0.287 | (0.112)      || 9.0115 | (6.1172)    || 0.0478   |   (0.0679)        ||
0     |  [2750/3682]    || 0.054 | (0.112)      || 6.5005 | (6.1274)    || 0.0000   |   (0.0676)        ||
0     |  [2760/3682]    || 0.313 | (0.112)      || 7.0898 | (6.1284)    || 0.0000   |   (0.0674)        ||
0     |  [2770/3682]    || 0.054 | (0.112)      || 7.3779 | (6.1272)    || 0.0000   |   (0.0672)        ||
0     |  [2780/3682]    || 0.293 | (0.112)      || 6.4453 | (6.1309)    || 0.0000   |   (0.0669)        ||
0     |  [2790/3682]    || 0.054 | (0.112)      || 6.5810 | (6.1326)    || 0.0000   |   (0.0667)        ||
0     |  [2800/3682]    || 0.263 | (0.112)      || 6.3350 | (6.1349)    || 0.0000   |   (0.0664)        ||
0     |  [2810/3682]    || 0.054 | (0.112)      || 6.9076 | (6.1370)    || 0.0000   |   (0.0662)        ||
0     |  [2820/3682]    || 0.305 | (0.112)      || 6.5930 | (6.1393)    || 0.0000   |   (0.0660)        ||
0     |  [2830/3682]    || 0.054 | (0.112)      || 5.6967 | (6.1400)    || 0.0000   |   (0.0657)        ||
0     |  [2840/3682]    || 0.255 | (0.112)      || 7.2157 | (6.1420)    || 0.0000   |   (0.0655)        ||
0     |  [2850/3682]    || 0.055 | (0.112)      || 6.6238 | (6.1444)    || 0.0000   |   (0.0653)        ||
0     |  [2860/3682]    || 0.264 | (0.112)      || 7.4108 | (6.1460)    || 0.0000   |   (0.0650)        ||
0     |  [2870/3682]    || 0.054 | (0.112)      || 6.8220 | (6.1486)    || 0.0000   |   (0.0648)        ||
0     |  [2880/3682]    || 0.273 | (0.112)      || 0.2306 | (6.1385)    || 1.0000   |   (0.0663)        ||
0     |  [2890/3682]    || 0.054 | (0.112)      || 7.4211 | (6.1440)    || 0.0000   |   (0.0664)        ||
0     |  [2900/3682]    || 0.280 | (0.112)      || 5.5792 | (6.1456)    || 0.0000   |   (0.0662)        ||
0     |  [2910/3682]    || 0.054 | (0.112)      || 7.1559 | (6.1471)    || 0.0000   |   (0.0660)        ||
0     |  [2920/3682]    || 0.281 | (0.112)      || 4.3459 | (6.1417)    || 0.2249   |   (0.0665)        ||
0     |  [2930/3682]    || 0.054 | (0.112)      || 6.8732 | (6.1460)    || 0.0000   |   (0.0662)        ||
0     |  [2940/3682]    || 0.315 | (0.112)      || 7.2882 | (6.1464)    || 0.0000   |   (0.0660)        ||
0     |  [2950/3682]    || 0.053 | (0.112)      || 6.7232 | (6.1472)    || 0.0000   |   (0.0658)        ||
0     |  [2960/3682]    || 0.260 | (0.112)      || 6.7697 | (6.1491)    || 0.0000   |   (0.0656)        ||
0     |  [2970/3682]    || 0.056 | (0.112)      || 6.6137 | (6.1509)    || 0.0000   |   (0.0654)        ||
0     |  [2980/3682]    || 0.273 | (0.112)      || 6.8638 | (6.1530)    || 0.0000   |   (0.0651)        ||
0     |  [2990/3682]    || 0.054 | (0.112)      || 2.1312 | (6.1496)    || 0.3483   |   (0.0650)        ||
0     |  [3000/3682]    || 0.248 | (0.112)      || 7.8736 | (6.1500)    || 0.0000   |   (0.0655)        ||
0     |  [3010/3682]    || 0.055 | (0.112)      || 6.7804 | (6.1526)    || 0.0000   |   (0.0652)        ||
0     |  [3020/3682]    || 0.239 | (0.112)      || 7.3370 | (6.1547)    || 0.0000   |   (0.0650)        ||
0     |  [3030/3682]    || 0.054 | (0.112)      || 6.2517 | (6.1571)    || 0.0000   |   (0.0648)        ||
0     |  [3040/3682]    || 0.244 | (0.112)      || 1.4966 | (6.1522)    || 0.9325   |   (0.0654)        ||
0     |  [3050/3682]    || 0.055 | (0.112)      || 6.4124 | (6.1508)    || 0.0000   |   (0.0664)        ||
0     |  [3060/3682]    || 0.318 | (0.112)      || 6.7939 | (6.1561)    || 0.0000   |   (0.0662)        ||
0     |  [3070/3682]    || 0.054 | (0.112)      || 7.0488 | (6.1581)    || 0.0000   |   (0.0660)        ||
0     |  [3080/3682]    || 0.145 | (0.112)      || 7.1213 | (6.1600)    || 0.0000   |   (0.0658)        ||
0     |  [3090/3682]    || 0.054 | (0.112)      || 6.3032 | (6.1617)    || 0.0000   |   (0.0655)        ||
0     |  [3100/3682]    || 0.288 | (0.112)      || 7.5308 | (6.1626)    || 0.0000   |   (0.0653)        ||
0     |  [3110/3682]    || 0.054 | (0.112)      || 6.3918 | (6.1647)    || 0.0000   |   (0.0651)        ||
0     |  [3120/3682]    || 0.287 | (0.112)      || 7.1661 | (6.1661)    || 0.0000   |   (0.0649)        ||
0     |  [3130/3682]    || 0.055 | (0.112)      || 8.1352 | (6.1633)    || 0.0000   |   (0.0648)        ||
0     |  [3140/3682]    || 0.297 | (0.112)      || 7.2725 | (6.1668)    || 0.0000   |   (0.0646)        ||
0     |  [3150/3682]    || 0.055 | (0.112)      || 7.1919 | (6.1684)    || 0.0000   |   (0.0644)        ||
0     |  [3160/3682]    || 0.295 | (0.112)      || 6.2967 | (6.1705)    || 0.0000   |   (0.0642)        ||
0     |  [3170/3682]    || 0.054 | (0.112)      || 6.9575 | (6.1725)    || 0.0000   |   (0.0640)        ||
0     |  [3180/3682]    || 0.299 | (0.112)      || 4.0547 | (6.1725)    || 0.0000   |   (0.0638)        ||
0     |  [3190/3682]    || 0.054 | (0.112)      || 8.3169 | (6.1678)    || 0.0000   |   (0.0649)        ||
0     |  [3200/3682]    || 0.320 | (0.112)      || 2.8754 | (6.1663)    || 0.8906   |   (0.0653)        ||
0     |  [3210/3682]    || 0.054 | (0.112)      || 10.0533 | (6.1626)   || 0.0000   |   (0.0667)        ||
0     |  [3220/3682]    || 0.288 | (0.112)      || 7.4769 | (6.1654)    || 0.0000   |   (0.0665)        ||
0     |  [3230/3682]    || 0.055 | (0.112)      || 6.7892 | (6.1669)    || 0.0000   |   (0.0663)        ||
0     |  [3240/3682]    || 0.294 | (0.112)      || 0.5536 | (6.1587)    || 1.0000   |   (0.0667)        ||
0     |  [3250/3682]    || 0.054 | (0.112)      || 9.5469 | (6.1598)    || 0.0000   |   (0.0678)        ||
0     |  [3260/3682]    || 0.294 | (0.112)      || 7.1604 | (6.1629)    || 0.0000   |   (0.0676)        ||
0     |  [3270/3682]    || 0.055 | (0.112)      || 6.7849 | (6.1646)    || 0.0000   |   (0.0674)        ||
0     |  [3280/3682]    || 0.297 | (0.112)      || 7.5992 | (6.1661)    || 0.0000   |   (0.0672)        ||
0     |  [3290/3682]    || 0.055 | (0.112)      || 4.8073 | (6.1668)    || 0.0000   |   (0.0670)        ||
0     |  [3300/3682]    || 0.314 | (0.112)      || 6.5422 | (6.1692)    || 0.0000   |   (0.0668)        ||
0     |  [3310/3682]    || 0.056 | (0.112)      || 6.7947 | (6.1713)    || 0.0000   |   (0.0666)        ||
0     |  [3320/3682]    || 0.314 | (0.112)      || 7.3649 | (6.1737)    || 0.0000   |   (0.0664)        ||
0     |  [3330/3682]    || 0.054 | (0.112)      || 7.4667 | (6.1759)    || 0.0000   |   (0.0662)        ||
0     |  [3340/3682]    || 0.239 | (0.112)      || 6.7747 | (6.1775)    || 0.0000   |   (0.0660)        ||
0     |  [3350/3682]    || 0.055 | (0.112)      || 6.9733 | (6.1798)    || 0.0000   |   (0.0658)        ||
0     |  [3360/3682]    || 0.309 | (0.112)      || 7.3229 | (6.1824)    || 0.0000   |   (0.0656)        ||
0     |  [3370/3682]    || 0.054 | (0.112)      || 7.2762 | (6.1841)    || 0.0000   |   (0.0654)        ||
0     |  [3380/3682]    || 0.294 | (0.112)      || 2.5125 | (6.1819)    || 0.0000   |   (0.0652)        ||
0     |  [3390/3682]    || 0.054 | (0.112)      || 7.5380 | (6.1829)    || 0.0000   |   (0.0658)        ||
0     |  [3400/3682]    || 0.293 | (0.112)      || 7.0468 | (6.1850)    || 0.0000   |   (0.0656)        ||
0     |  [3410/3682]    || 0.053 | (0.112)      || 7.5186 | (6.1845)    || 0.0000   |   (0.0655)        ||
0     |  [3420/3682]    || 0.273 | (0.112)      || 7.3545 | (6.1833)    || 0.0000   |   (0.0653)        ||
0     |  [3430/3682]    || 0.054 | (0.112)      || 6.8439 | (6.1857)    || 0.0000   |   (0.0651)        ||
0     |  [3440/3682]    || 0.274 | (0.112)      || 3.6953 | (6.1853)    || 0.0000   |   (0.0649)        ||
0     |  [3450/3682]    || 0.054 | (0.112)      || 7.5097 | (6.1872)    || 0.0000   |   (0.0650)        ||
0     |  [3460/3682]    || 0.282 | (0.112)      || 6.2683 | (6.1880)    || 0.0000   |   (0.0648)        ||
0     |  [3470/3682]    || 0.054 | (0.112)      || 5.4263 | (6.1858)    || 0.0871   |   (0.0647)        ||
0     |  [3480/3682]    || 0.295 | (0.112)      || 6.9962 | (6.1903)    || 0.0000   |   (0.0645)        ||
0     |  [3490/3682]    || 0.054 | (0.112)      || 7.2177 | (6.1924)    || 0.0000   |   (0.0643)        ||
0     |  [3500/3682]    || 0.287 | (0.112)      || 5.3880 | (6.1939)    || 0.0000   |   (0.0641)        ||
0     |  [3510/3682]    || 0.054 | (0.112)      || 7.3340 | (6.1947)    || 0.0000   |   (0.0639)        ||
0     |  [3520/3682]    || 0.301 | (0.112)      || 6.8928 | (6.1970)    || 0.0000   |   (0.0638)        ||
0     |  [3530/3682]    || 0.054 | (0.112)      || 7.3354 | (6.1997)    || 0.0000   |   (0.0636)        ||
0     |  [3540/3682]    || 0.292 | (0.112)      || 7.2647 | (6.2011)    || 0.0000   |   (0.0634)        ||
0     |  [3550/3682]    || 0.054 | (0.112)      || 6.5459 | (6.2033)    || 0.0000   |   (0.0632)        ||
0     |  [3560/3682]    || 0.178 | (0.112)      || 0.7803 | (6.1956)    || 1.0000   |   (0.0638)        ||
0     |  [3570/3682]    || 0.054 | (0.112)      || 7.9393 | (6.2004)    || 0.0000   |   (0.0644)        ||
0     |  [3580/3682]    || 0.312 | (0.112)      || 6.8396 | (6.2014)    || 0.0000   |   (0.0642)        ||
0     |  [3590/3682]    || 0.054 | (0.112)      || 7.2060 | (6.2038)    || 0.0000   |   (0.0640)        ||
0     |  [3600/3682]    || 0.276 | (0.112)      || 6.7336 | (6.2061)    || 0.0000   |   (0.0638)        ||
0     |  [3610/3682]    || 0.054 | (0.112)      || 6.9600 | (6.2085)    || 0.0000   |   (0.0637)        ||
0     |  [3620/3682]    || 0.309 | (0.112)      || 6.7361 | (6.2088)    || 0.0000   |   (0.0635)        ||
0     |  [3630/3682]    || 0.054 | (0.112)      || 6.9426 | (6.2102)    || 0.0000   |   (0.0633)        ||
0     |  [3640/3682]    || 0.267 | (0.112)      || 7.2921 | (6.2127)    || 0.0000   |   (0.0631)        ||
0     |  [3650/3682]    || 0.054 | (0.112)      || 7.3043 | (6.2150)    || 0.0000   |   (0.0630)        ||
0     |  [3660/3682]    || 0.307 | (0.112)      || 7.0524 | (6.2171)    || 0.0000   |   (0.0628)        ||
0     |  [3670/3682]    || 0.055 | (0.112)      || 7.4403 | (6.2179)    || 0.0000   |   (0.0626)        ||
0     |  [3680/3682]    || 0.210 | (0.112)      || 6.7669 | (6.2197)    || 0.0000   |   (0.0624)        ||
 * average GAP on train 0.0624
--------------------------------------------------
epoch 1
total batches: 3682

epoch    batch             time    (avg time)        loss   (avg loss)    GAP score   (avg score)
---------------------------------------------------------------------------------------------------------
1     |  [0/3682]       || 0.637 | (0.637)      || 6.7039 | (6.7039)    || 0.0000   |   (0.0000)        ||
1     |  [10/3682]      || 0.054 | (0.150)      || 6.2398 | (5.4629)    || 0.0000   |   (0.0405)        ||
1     |  [20/3682]      || 0.251 | (0.136)      || 6.0541 | (5.9355)    || 0.0000   |   (0.0212)        ||
1     |  [30/3682]      || 0.053 | (0.123)      || 3.8326 | (5.7942)    || 0.0000   |   (0.0144)        ||
1     |  [40/3682]      || 0.267 | (0.122)      || 11.8609 | (5.1379)   || 0.0000   |   (0.1761)        ||
1     |  [50/3682]      || 0.054 | (0.117)      || 6.5112 | (5.6110)    || 0.0000   |   (0.1415)        ||
1     |  [60/3682]      || 0.272 | (0.118)      || 5.8922 | (5.7229)    || 0.0000   |   (0.1183)        ||
1     |  [70/3682]      || 0.054 | (0.115)      || 6.4013 | (5.8138)    || 0.0000   |   (0.1017)        ||
1     |  [80/3682]      || 0.319 | (0.117)      || 6.3324 | (5.8703)    || 0.0000   |   (0.0891)        ||
1     |  [90/3682]      || 0.056 | (0.114)      || 5.5892 | (5.8872)    || 0.0000   |   (0.0793)        ||
1     |  [100/3682]     || 0.285 | (0.115)      || 5.4466 | (5.9121)    || 0.0000   |   (0.0715)        ||
1     |  [110/3682]     || 0.054 | (0.114)      || 6.1467 | (5.9223)    || 0.0000   |   (0.0650)        ||
1     |  [120/3682]     || 0.296 | (0.115)      || 6.2963 | (5.9259)    || 0.0000   |   (0.0597)        ||
1     |  [130/3682]     || 0.054 | (0.114)      || 6.0644 | (5.9548)    || 0.0000   |   (0.0551)        ||
1     |  [140/3682]     || 0.246 | (0.114)      || 6.1190 | (5.9636)    || 0.0000   |   (0.0512)        ||
1     |  [150/3682]     || 0.054 | (0.113)      || 4.4891 | (5.9504)    || 0.0000   |   (0.0478)        ||
1     |  [160/3682]     || 0.279 | (0.114)      || 9.6056 | (5.7573)    || 0.0000   |   (0.0766)        ||
1     |  [170/3682]     || 0.054 | (0.113)      || 6.2811 | (5.8332)    || 0.0000   |   (0.0721)        ||
1     |  [180/3682]     || 0.285 | (0.113)      || 1.0477 | (5.7154)    || 0.9368   |   (0.0879)        ||
1     |  [190/3682]     || 0.055 | (0.113)      || 6.3195 | (5.7889)    || 0.0000   |   (0.0860)        ||
1     |  [200/3682]     || 0.294 | (0.113)      || 5.9724 | (5.8044)    || 0.0000   |   (0.0817)        ||
1     |  [210/3682]     || 0.054 | (0.112)      || 6.2389 | (5.8083)    || 0.0000   |   (0.0778)        ||
1     |  [220/3682]     || 0.240 | (0.113)      || 6.2978 | (5.8159)    || 0.0000   |   (0.0743)        ||
1     |  [230/3682]     || 0.054 | (0.112)      || 4.8922 | (5.8225)    || 0.0000   |   (0.0711)        ||
1     |  [240/3682]     || 0.280 | (0.112)      || 8.3777 | (5.7407)    || 0.0000   |   (0.0867)        ||
1     |  [250/3682]     || 0.054 | (0.112)      || 4.9170 | (5.7702)    || 0.0000   |   (0.0833)        ||
1     |  [260/3682]     || 0.281 | (0.113)      || 6.0980 | (5.7813)    || 0.0000   |   (0.0801)        ||
1     |  [270/3682]     || 0.054 | (0.112)      || 6.2070 | (5.7932)    || 0.0000   |   (0.0771)        ||
1     |  [280/3682]     || 0.254 | (0.112)      || 6.0714 | (5.7963)    || 0.0000   |   (0.0744)        ||
1     |  [290/3682]     || 0.055 | (0.112)      || 6.2246 | (5.8094)    || 0.0000   |   (0.0718)        ||
1     |  [300/3682]     || 0.264 | (0.112)      || 4.2546 | (5.8061)    || 0.0000   |   (0.0694)        ||
1     |  [310/3682]     || 0.055 | (0.112)      || 6.5629 | (5.7979)    || 0.0000   |   (0.0683)        ||
1     |  [320/3682]     || 0.283 | (0.112)      || 3.6642 | (5.7821)    || 0.0000   |   (0.0662)        ||
1     |  [330/3682]     || 0.055 | (0.112)      || 9.1376 | (5.7203)    || 0.0000   |   (0.0787)        ||
1     |  [340/3682]     || 0.283 | (0.112)      || 1.3815 | (5.6899)    || 1.0000   |   (0.0823)        ||
1     |  [350/3682]     || 0.054 | (0.112)      || 0.0037 | (5.5333)    || 1.0000   |   (0.1084)        ||
1     |  [360/3682]     || 0.316 | (0.112)      || 12.6853 | (5.4947)   || 0.0000   |   (0.1246)        ||
1     |  [370/3682]     || 0.054 | (0.112)      || 5.5967 | (5.5613)    || 0.0000   |   (0.1212)        ||
1     |  [380/3682]     || 0.290 | (0.112)      || 6.1049 | (5.5763)    || 0.0000   |   (0.1180)        ||
1     |  [390/3682]     || 0.054 | (0.112)      || 5.5218 | (5.5853)    || 0.0000   |   (0.1150)        ||
1     |  [400/3682]     || 0.319 | (0.112)      || 6.1023 | (5.6011)    || 0.0000   |   (0.1122)        ||
1     |  [410/3682]     || 0.054 | (0.112)      || 6.1660 | (5.6119)    || 0.0000   |   (0.1094)        ||
1     |  [420/3682]     || 0.310 | (0.112)      || 5.7955 | (5.6179)    || 0.0000   |   (0.1068)        ||
1     |  [430/3682]     || 0.054 | (0.112)      || 4.2823 | (5.5809)    || 0.1875   |   (0.1090)        ||
1     |  [440/3682]     || 0.270 | (0.112)      || 5.9333 | (5.5986)    || 0.0000   |   (0.1066)        ||
1     |  [450/3682]     || 0.055 | (0.112)      || 5.8466 | (5.6064)    || 0.0000   |   (0.1042)        ||
1     |  [460/3682]     || 0.299 | (0.112)      || 6.0769 | (5.6066)    || 0.0000   |   (0.1019)        ||
1     |  [470/3682]     || 0.055 | (0.112)      || 5.8020 | (5.5964)    || 0.0000   |   (0.0998)        ||
1     |  [480/3682]     || 0.262 | (0.112)      || 6.2646 | (5.6068)    || 0.0000   |   (0.0977)        ||
1     |  [490/3682]     || 0.054 | (0.112)      || 4.1491 | (5.6050)    || 0.0000   |   (0.0957)        ||
1     |  [500/3682]     || 0.279 | (0.112)      || 5.9446 | (5.6115)    || 0.0000   |   (0.0938)        ||
1     |  [510/3682]     || 0.054 | (0.112)      || 6.1432 | (5.6143)    || 0.0000   |   (0.0920)        ||
1     |  [520/3682]     || 0.267 | (0.112)      || 6.1457 | (5.6110)    || 0.0000   |   (0.0902)        ||
1     |  [530/3682]     || 0.054 | (0.112)      || 5.7164 | (5.6173)    || 0.0000   |   (0.0885)        ||
1     |  [540/3682]     || 0.294 | (0.112)      || 4.3255 | (5.6160)    || 0.0000   |   (0.0869)        ||
1     |  [550/3682]     || 0.054 | (0.112)      || 5.5696 | (5.6207)    || 0.0000   |   (0.0853)        ||
1     |  [560/3682]     || 0.277 | (0.112)      || 6.3966 | (5.6115)    || 0.0000   |   (0.0838)        ||
1     |  [570/3682]     || 0.054 | (0.111)      || 5.3689 | (5.6147)    || 0.0000   |   (0.0823)        ||
1     |  [580/3682]     || 0.289 | (0.112)      || 5.4216 | (5.6121)    || 0.0000   |   (0.0809)        ||
1     |  [590/3682]     || 0.054 | (0.111)      || 6.2150 | (5.6157)    || 0.0000   |   (0.0795)        ||
1     |  [600/3682]     || 0.293 | (0.112)      || 5.1288 | (5.6122)    || 0.0000   |   (0.0782)        ||
1     |  [610/3682]     || 0.054 | (0.111)      || 6.1466 | (5.6103)    || 0.0000   |   (0.0769)        ||
1     |  [620/3682]     || 0.288 | (0.112)      || 6.2164 | (5.6193)    || 0.0000   |   (0.0757)        ||
1     |  [630/3682]     || 0.055 | (0.111)      || 5.7717 | (5.6212)    || 0.0000   |   (0.0745)        ||
1     |  [640/3682]     || 0.298 | (0.111)      || 4.8033 | (5.6215)    || 0.0000   |   (0.0733)        ||
1     |  [650/3682]     || 0.054 | (0.111)      || 3.2691 | (5.5741)    || 0.3934   |   (0.0795)        ||
1     |  [660/3682]     || 0.285 | (0.112)      || 6.0291 | (5.5970)    || 0.0000   |   (0.0783)        ||
1     |  [670/3682]     || 0.054 | (0.111)      || 3.2609 | (5.5877)    || 0.0000   |   (0.0771)        ||
1     |  [680/3682]     || 0.284 | (0.112)      || 6.7156 | (5.5699)    || 0.0000   |   (0.0821)        ||
1     |  [690/3682]     || 0.055 | (0.112)      || 5.7216 | (5.5739)    || 0.0000   |   (0.0809)        ||
1     |  [700/3682]     || 0.284 | (0.112)      || 5.7549 | (5.5703)    || 0.0000   |   (0.0797)        ||
1     |  [710/3682]     || 0.055 | (0.112)      || 6.0591 | (5.5604)    || 0.0000   |   (0.0786)        ||
1     |  [720/3682]     || 0.269 | (0.112)      || 3.1612 | (5.5504)    || 0.0000   |   (0.0775)        ||
1     |  [730/3682]     || 0.054 | (0.112)      || 6.5954 | (5.5399)    || 0.0000   |   (0.0791)        ||
1     |  [740/3682]     || 0.253 | (0.112)      || 5.6580 | (5.5455)    || 0.0000   |   (0.0780)        ||
1     |  [750/3682]     || 0.055 | (0.112)      || 5.6729 | (5.5450)    || 0.0000   |   (0.0770)        ||
1     |  [760/3682]     || 0.298 | (0.112)      || 1.7848 | (5.5244)    || 0.9490   |   (0.0772)        ||
1     |  [770/3682]     || 0.055 | (0.112)      || 3.8113 | (5.5218)    || 0.0000   |   (0.0770)        ||
1     |  [780/3682]     || 0.296 | (0.112)      || 4.6660 | (5.5118)    || 0.0000   |   (0.0760)        ||
1     |  [790/3682]     || 0.054 | (0.112)      || 5.5232 | (5.5101)    || 0.0000   |   (0.0750)        ||
1     |  [800/3682]     || 0.271 | (0.112)      || 5.1296 | (5.5095)    || 0.0000   |   (0.0741)        ||
1     |  [810/3682]     || 0.053 | (0.112)      || 6.0196 | (5.5054)    || 0.0000   |   (0.0732)        ||
1     |  [820/3682]     || 0.268 | (0.112)      || 5.1074 | (5.5046)    || 0.0000   |   (0.0723)        ||
1     |  [830/3682]     || 0.053 | (0.112)      || 4.5518 | (5.4974)    || 0.0000   |   (0.0714)        ||
1     |  [840/3682]     || 0.282 | (0.112)      || 7.0346 | (5.4714)    || 0.0000   |   (0.0730)        ||
1     |  [850/3682]     || 0.054 | (0.112)      || 5.5462 | (5.4800)    || 0.0000   |   (0.0721)        ||
1     |  [860/3682]     || 0.277 | (0.112)      || 4.6968 | (5.4781)    || 0.0000   |   (0.0713)        ||
1     |  [870/3682]     || 0.054 | (0.112)      || 0.1606 | (5.4371)    || 1.0000   |   (0.0768)        ||
1     |  [880/3682]     || 0.267 | (0.112)      || 5.0627 | (5.4545)    || 0.0000   |   (0.0759)        ||
1     |  [890/3682]     || 0.054 | (0.112)      || 5.4723 | (5.4514)    || 0.0000   |   (0.0751)        ||
1     |  [900/3682]     || 0.274 | (0.112)      || 0.2229 | (5.4222)    || 1.0000   |   (0.0775)        ||
1     |  [910/3682]     || 0.053 | (0.112)      || 4.3756 | (5.4309)    || 0.0000   |   (0.0772)        ||
1     |  [920/3682]     || 0.302 | (0.112)      || 5.9931 | (5.4299)    || 0.0000   |   (0.0763)        ||
1     |  [930/3682]     || 0.054 | (0.112)      || 6.0410 | (5.4342)    || 0.0000   |   (0.0755)        ||
1     |  [940/3682]     || 0.277 | (0.112)      || 4.9302 | (5.4377)    || 0.0000   |   (0.0747)        ||
1     |  [950/3682]     || 0.054 | (0.112)      || 3.5291 | (5.4327)    || 0.0000   |   (0.0739)        ||
1     |  [960/3682]     || 0.367 | (0.112)      || 4.9653 | (5.4331)    || 0.0000   |   (0.0732)        ||
1     |  [970/3682]     || 0.056 | (0.112)      || 5.9772 | (5.4236)    || 0.0000   |   (0.0726)        ||
1     |  [980/3682]     || 0.323 | (0.112)      || 5.6611 | (5.4277)    || 0.0000   |   (0.0718)        ||
1     |  [990/3682]     || 0.056 | (0.112)      || 4.9959 | (5.4308)    || 0.0000   |   (0.0711)        ||
1     |  [1000/3682]    || 0.277 | (0.112)      || 4.7403 | (5.4286)    || 0.0000   |   (0.0704)        ||
1     |  [1010/3682]    || 0.055 | (0.112)      || 5.0376 | (5.4292)    || 0.0000   |   (0.0697)        ||
1     |  [1020/3682]    || 0.277 | (0.112)      || 5.8020 | (5.4294)    || 0.0000   |   (0.0690)        ||
1     |  [1030/3682]    || 0.055 | (0.112)      || 4.8623 | (5.4306)    || 0.0000   |   (0.0684)        ||
1     |  [1040/3682]    || 0.275 | (0.112)      || 4.9827 | (5.4283)    || 0.0000   |   (0.0677)        ||
1     |  [1050/3682]    || 0.055 | (0.112)      || 5.5149 | (5.4271)    || 0.0000   |   (0.0671)        ||
1     |  [1060/3682]    || 0.310 | (0.112)      || 4.6489 | (5.4236)    || 0.0000   |   (0.0664)        ||
1     |  [1070/3682]    || 0.055 | (0.112)      || 5.9769 | (5.4267)    || 0.0000   |   (0.0658)        ||
1     |  [1080/3682]    || 0.269 | (0.112)      || 5.3877 | (5.4272)    || 0.0000   |   (0.0652)        ||
1     |  [1090/3682]    || 0.055 | (0.112)      || 5.2305 | (5.4268)    || 0.0000   |   (0.0646)        ||
1     |  [1100/3682]    || 0.269 | (0.112)      || 4.6560 | (5.4228)    || 0.0000   |   (0.0640)        ||
1     |  [1110/3682]    || 0.056 | (0.112)      || 6.0243 | (5.4223)    || 0.0000   |   (0.0634)        ||
1     |  [1120/3682]    || 0.235 | (0.112)      || 5.9411 | (5.4234)    || 0.0000   |   (0.0629)        ||
1     |  [1130/3682]    || 0.089 | (0.112)      || 5.0304 | (5.4254)    || 0.0000   |   (0.0623)        ||
1     |  [1140/3682]    || 0.200 | (0.112)      || 5.6469 | (5.4283)    || 0.0000   |   (0.0618)        ||
1     |  [1150/3682]    || 0.056 | (0.112)      || 5.5634 | (5.4306)    || 0.0000   |   (0.0612)        ||
1     |  [1160/3682]    || 0.287 | (0.112)      || 5.7080 | (5.4236)    || 0.0000   |   (0.0607)        ||
1     |  [1170/3682]    || 0.073 | (0.112)      || 5.7374 | (5.4259)    || 0.0000   |   (0.0602)        ||
1     |  [1180/3682]    || 0.272 | (0.112)      || 4.9956 | (5.4279)    || 0.0000   |   (0.0597)        ||
1     |  [1190/3682]    || 0.055 | (0.112)      || 5.1764 | (5.4306)    || 0.0000   |   (0.0592)        ||
1     |  [1200/3682]    || 0.281 | (0.112)      || 5.0910 | (5.4335)    || 0.0000   |   (0.0587)        ||
1     |  [1210/3682]    || 0.055 | (0.112)      || 5.9497 | (5.4337)    || 0.0000   |   (0.0582)        ||
1     |  [1220/3682]    || 0.248 | (0.112)      || 5.0065 | (5.4369)    || 0.0000   |   (0.0578)        ||
1     |  [1230/3682]    || 0.055 | (0.112)      || 5.3070 | (5.4381)    || 0.0000   |   (0.0573)        ||
1     |  [1240/3682]    || 0.253 | (0.112)      || 4.8433 | (5.4387)    || 0.0000   |   (0.0568)        ||
1     |  [1250/3682]    || 0.078 | (0.112)      || 5.3927 | (5.4372)    || 0.0000   |   (0.0564)        ||
1     |  [1260/3682]    || 0.272 | (0.112)      || 4.5946 | (5.4296)    || 0.0000   |   (0.0559)        ||
1     |  [1270/3682]    || 0.067 | (0.112)      || 5.9211 | (5.4208)    || 0.0000   |   (0.0555)        ||
1     |  [1280/3682]    || 0.254 | (0.112)      || 5.5496 | (5.4240)    || 0.0000   |   (0.0550)        ||
1     |  [1290/3682]    || 0.082 | (0.112)      || 4.7423 | (5.4235)    || 0.0000   |   (0.0546)        ||
1     |  [1300/3682]    || 0.265 | (0.112)      || 1.7741 | (5.4088)    || 0.0000   |   (0.0542)        ||
1     |  [1310/3682]    || 0.102 | (0.112)      || 5.8935 | (5.4091)    || 0.0000   |   (0.0538)        ||
1     |  [1320/3682]    || 0.252 | (0.112)      || 5.4039 | (5.4119)    || 0.0000   |   (0.0534)        ||
1     |  [1330/3682]    || 0.131 | (0.112)      || 5.4671 | (5.4082)    || 0.0000   |   (0.0530)        ||
1     |  [1340/3682]    || 0.157 | (0.112)      || 3.6555 | (5.4066)    || 0.0000   |   (0.0526)        ||
1     |  [1350/3682]    || 0.163 | (0.112)      || 6.0691 | (5.4013)    || 0.0000   |   (0.0544)        ||
1     |  [1360/3682]    || 0.178 | (0.112)      || 5.8733 | (5.4055)    || 0.0000   |   (0.0540)        ||
1     |  [1370/3682]    || 0.163 | (0.112)      || 5.4303 | (5.4074)    || 0.0000   |   (0.0536)        ||
1     |  [1380/3682]    || 0.161 | (0.112)      || 4.0971 | (5.4043)    || 0.0000   |   (0.0532)        ||
1     |  [1390/3682]    || 0.140 | (0.112)      || 4.6962 | (5.3972)    || 0.0000   |   (0.0528)        ||
1     |  [1400/3682]    || 0.189 | (0.112)      || 5.9162 | (5.3925)    || 0.0000   |   (0.0525)        ||
1     |  [1410/3682]    || 0.136 | (0.112)      || 5.8347 | (5.3950)    || 0.0000   |   (0.0521)        ||
1     |  [1420/3682]    || 0.159 | (0.112)      || 5.4066 | (5.3966)    || 0.0000   |   (0.0517)        ||
1     |  [1430/3682]    || 0.178 | (0.112)      || 5.2171 | (5.3966)    || 0.0000   |   (0.0514)        ||
1     |  [1440/3682]    || 0.193 | (0.112)      || 5.5746 | (5.3956)    || 0.0000   |   (0.0510)        ||
1     |  [1450/3682]    || 0.137 | (0.112)      || 1.6163 | (5.3862)    || 1.0000   |   (0.0514)        ||
1     |  [1460/3682]    || 0.218 | (0.112)      || 0.0028 | (5.3507)    || 1.0000   |   (0.0579)        ||
1     |  [1470/3682]    || 0.116 | (0.112)      || 0.0001 | (5.3144)    || 1.0000   |   (0.0643)        ||
1     |  [1480/3682]    || 0.237 | (0.112)      || 6.9667 | (5.3465)    || 0.0000   |   (0.0641)        ||
1     |  [1490/3682]    || 0.103 | (0.112)      || 6.2036 | (5.3534)    || 0.0000   |   (0.0637)        ||
1     |  [1500/3682]    || 0.289 | (0.112)      || 5.7925 | (5.3552)    || 0.0000   |   (0.0633)        ||
1     |  [1510/3682]    || 0.055 | (0.112)      || 4.4168 | (5.3469)    || 0.1352   |   (0.0629)        ||
1     |  [1520/3682]    || 0.302 | (0.112)      || 5.9322 | (5.3515)    || 0.0000   |   (0.0625)        ||
1     |  [1530/3682]    || 0.056 | (0.112)      || 5.7546 | (5.3550)    || 0.0000   |   (0.0621)        ||
1     |  [1540/3682]    || 0.281 | (0.112)      || 3.8786 | (5.3540)    || 0.0000   |   (0.0617)        ||
1     |  [1550/3682]    || 0.056 | (0.112)      || 4.8222 | (5.3552)    || 0.0000   |   (0.0613)        ||
1     |  [1560/3682]    || 0.313 | (0.112)      || 5.9694 | (5.3575)    || 0.0000   |   (0.0609)        ||
1     |  [1570/3682]    || 0.055 | (0.112)      || 5.7454 | (5.3596)    || 0.0000   |   (0.0605)        ||
1     |  [1580/3682]    || 0.273 | (0.112)      || 5.5691 | (5.3631)    || 0.0000   |   (0.0601)        ||
1     |  [1590/3682]    || 0.056 | (0.112)      || 5.6032 | (5.3617)    || 0.0000   |   (0.0598)        ||
1     |  [1600/3682]    || 0.293 | (0.112)      || 5.8733 | (5.3641)    || 0.0000   |   (0.0594)        ||
1     |  [1610/3682]    || 0.054 | (0.112)      || 5.2260 | (5.3639)    || 0.0000   |   (0.0590)        ||
1     |  [1620/3682]    || 0.313 | (0.112)      || 5.1619 | (5.3615)    || 0.0000   |   (0.0587)        ||
1     |  [1630/3682]    || 0.056 | (0.112)      || 5.9958 | (5.3635)    || 0.0000   |   (0.0583)        ||
1     |  [1640/3682]    || 0.254 | (0.112)      || 6.0279 | (5.3655)    || 0.0000   |   (0.0579)        ||
1     |  [1650/3682]    || 0.056 | (0.112)      || 5.5237 | (5.3660)    || 0.0000   |   (0.0576)        ||
1     |  [1660/3682]    || 0.293 | (0.112)      || 5.8811 | (5.3660)    || 0.0000   |   (0.0572)        ||
1     |  [1670/3682]    || 0.055 | (0.112)      || 5.8742 | (5.3685)    || 0.0000   |   (0.0569)        ||
1     |  [1680/3682]    || 0.149 | (0.112)      || 4.3475 | (5.3697)    || 0.0000   |   (0.0566)        ||
1     |  [1690/3682]    || 0.118 | (0.112)      || 5.3759 | (5.3706)    || 0.0000   |   (0.0562)        ||
1     |  [1700/3682]    || 0.204 | (0.112)      || 5.4538 | (5.3723)    || 0.0000   |   (0.0559)        ||
1     |  [1710/3682]    || 0.112 | (0.112)      || 3.7018 | (5.3716)    || 0.0000   |   (0.0556)        ||
1     |  [1720/3682]    || 0.251 | (0.112)      || 5.9194 | (5.3731)    || 0.0000   |   (0.0553)        ||
1     |  [1730/3682]    || 0.097 | (0.112)      || 5.7332 | (5.3751)    || 0.0000   |   (0.0549)        ||
1     |  [1740/3682]    || 0.235 | (0.112)      || 5.2524 | (5.3755)    || 0.0000   |   (0.0546)        ||
1     |  [1750/3682]    || 0.056 | (0.112)      || 4.9887 | (5.3681)    || 0.0000   |   (0.0546)        ||
1     |  [1760/3682]    || 0.295 | (0.112)      || 6.0764 | (5.3686)    || 0.0000   |   (0.0543)        ||
1     |  [1770/3682]    || 0.056 | (0.112)      || 5.4313 | (5.3702)    || 0.0000   |   (0.0540)        ||
1     |  [1780/3682]    || 0.274 | (0.112)      || 4.9421 | (5.3660)    || 0.0000   |   (0.0537)        ||
1     |  [1790/3682]    || 0.055 | (0.112)      || 5.8027 | (5.3657)    || 0.0000   |   (0.0534)        ||
1     |  [1800/3682]    || 0.272 | (0.112)      || 3.7760 | (5.3655)    || 0.0000   |   (0.0531)        ||
1     |  [1810/3682]    || 0.056 | (0.112)      || 5.4836 | (5.3678)    || 0.0000   |   (0.0528)        ||
1     |  [1820/3682]    || 0.263 | (0.112)      || 5.5758 | (5.3676)    || 0.0000   |   (0.0525)        ||
1     |  [1830/3682]    || 0.056 | (0.112)      || 5.9023 | (5.3675)    || 0.0000   |   (0.0522)        ||
1     |  [1840/3682]    || 0.296 | (0.112)      || 5.9915 | (5.3660)    || 0.0000   |   (0.0519)        ||
1     |  [1850/3682]    || 0.056 | (0.112)      || 4.9424 | (5.3655)    || 0.0000   |   (0.0517)        ||
1     |  [1860/3682]    || 0.288 | (0.112)      || 1.8784 | (5.3590)    || 0.0000   |   (0.0514)        ||
1     |  [1870/3682]    || 0.057 | (0.112)      || 5.2456 | (5.3556)    || 0.0000   |   (0.0522)        ||
1     |  [1880/3682]    || 0.259 | (0.112)      || 5.4968 | (5.3526)    || 0.0000   |   (0.0520)        ||
1     |  [1890/3682]    || 0.056 | (0.112)      || 6.4508 | (5.3507)    || 0.0000   |   (0.0517)        ||
1     |  [1900/3682]    || 0.291 | (0.112)      || 4.9051 | (5.3520)    || 0.0000   |   (0.0514)        ||
1     |  [1910/3682]    || 0.056 | (0.112)      || 5.1670 | (5.3439)    || 0.0000   |   (0.0524)        ||
1     |  [1920/3682]    || 0.266 | (0.112)      || 5.5087 | (5.3428)    || 0.0000   |   (0.0521)        ||
1     |  [1930/3682]    || 0.086 | (0.112)      || 4.8392 | (5.3447)    || 0.0000   |   (0.0518)        ||
1     |  [1940/3682]    || 0.240 | (0.112)      || 5.7947 | (5.3466)    || 0.0000   |   (0.0516)        ||
1     |  [1950/3682]    || 0.094 | (0.112)      || 5.5209 | (5.3486)    || 0.0000   |   (0.0513)        ||
1     |  [1960/3682]    || 0.265 | (0.112)      || 5.2007 | (5.3484)    || 0.0000   |   (0.0510)        ||
1     |  [1970/3682]    || 0.057 | (0.112)      || 0.1225 | (5.3317)    || 1.0000   |   (0.0532)        ||
1     |  [1980/3682]    || 0.275 | (0.112)      || 9.0407 | (5.3283)    || 0.0000   |   (0.0555)        ||
1     |  [1990/3682]    || 0.057 | (0.112)      || 5.7417 | (5.3322)    || 0.0000   |   (0.0552)        ||
1     |  [2000/3682]    || 0.276 | (0.112)      || 5.6844 | (5.3337)    || 0.0000   |   (0.0549)        ||
1     |  [2010/3682]    || 0.057 | (0.112)      || 6.0763 | (5.3312)    || 0.0000   |   (0.0546)        ||
1     |  [2020/3682]    || 0.257 | (0.112)      || 5.6155 | (5.3328)    || 0.0000   |   (0.0544)        ||
1     |  [2030/3682]    || 0.056 | (0.112)      || 5.6925 | (5.3348)    || 0.0000   |   (0.0541)        ||
1     |  [2040/3682]    || 0.297 | (0.112)      || 5.9033 | (5.3330)    || 0.0000   |   (0.0538)        ||
1     |  [2050/3682]    || 0.057 | (0.112)      || 6.2475 | (5.3363)    || 0.0000   |   (0.0536)        ||
1     |  [2060/3682]    || 0.291 | (0.112)      || 6.1316 | (5.3371)    || 0.0000   |   (0.0533)        ||
1     |  [2070/3682]    || 0.056 | (0.112)      || 6.0853 | (5.3395)    || 0.0000   |   (0.0530)        ||
1     |  [2080/3682]    || 0.252 | (0.112)      || 5.9249 | (5.3429)    || 0.0000   |   (0.0528)        ||
1     |  [2090/3682]    || 0.134 | (0.112)      || 4.6453 | (5.3449)    || 0.0000   |   (0.0525)        ||
1     |  [2100/3682]    || 0.231 | (0.112)      || 4.7717 | (5.3462)    || 0.0000   |   (0.0523)        ||
1     |  [2110/3682]    || 0.058 | (0.112)      || 6.1471 | (5.3344)    || 0.0000   |   (0.0537)        ||
1     |  [2120/3682]    || 0.316 | (0.112)      || 5.9651 | (5.3385)    || 0.0000   |   (0.0534)        ||
1     |  [2130/3682]    || 0.058 | (0.112)      || 6.0740 | (5.3416)    || 0.0000   |   (0.0532)        ||
1     |  [2140/3682]    || 0.320 | (0.112)      || 5.8236 | (5.3449)    || 0.0000   |   (0.0529)        ||
1     |  [2150/3682]    || 0.057 | (0.112)      || 4.1300 | (5.3443)    || 0.0000   |   (0.0527)        ||
1     |  [2160/3682]    || 0.302 | (0.112)      || 6.1945 | (5.3479)    || 0.0000   |   (0.0524)        ||
1     |  [2170/3682]    || 0.057 | (0.112)      || 5.7516 | (5.3503)    || 0.0000   |   (0.0522)        ||
1     |  [2180/3682]    || 0.288 | (0.112)      || 6.1567 | (5.3507)    || 0.0000   |   (0.0519)        ||
1     |  [2190/3682]    || 0.057 | (0.112)      || 5.9391 | (5.3537)    || 0.0000   |   (0.0517)        ||
1     |  [2200/3682]    || 0.235 | (0.112)      || 4.6528 | (5.3545)    || 0.0000   |   (0.0515)        ||
1     |  [2210/3682]    || 0.057 | (0.112)      || 6.2515 | (5.3552)    || 0.0000   |   (0.0512)        ||
1     |  [2220/3682]    || 0.273 | (0.112)      || 6.2204 | (5.3577)    || 0.0000   |   (0.0510)        ||
1     |  [2230/3682]    || 0.057 | (0.112)      || 3.8094 | (5.3588)    || 0.0000   |   (0.0508)        ||
1     |  [2240/3682]    || 0.284 | (0.112)      || 0.0249 | (5.3395)    || 1.0000   |   (0.0544)        ||
1     |  [2250/3682]    || 0.059 | (0.112)      || 0.0006 | (5.3158)    || 1.0000   |   (0.0586)        ||
1     |  [2260/3682]    || 0.296 | (0.112)      || 13.1167 | (5.3060)   || 0.0000   |   (0.0617)        ||
1     |  [2270/3682]    || 0.055 | (0.112)      || 6.8742 | (5.3189)    || 0.0000   |   (0.0614)        ||
1     |  [2280/3682]    || 0.265 | (0.112)      || 6.3486 | (5.3239)    || 0.0000   |   (0.0611)        ||
1     |  [2290/3682]    || 0.055 | (0.112)      || 5.4816 | (5.3270)    || 0.0000   |   (0.0609)        ||
1     |  [2300/3682]    || 0.278 | (0.112)      || 6.4135 | (5.3293)    || 0.0000   |   (0.0606)        ||
1     |  [2310/3682]    || 0.055 | (0.112)      || 5.5944 | (5.3315)    || 0.0000   |   (0.0604)        ||
1     |  [2320/3682]    || 0.247 | (0.112)      || 5.4336 | (5.3328)    || 0.0000   |   (0.0601)        ||
1     |  [2330/3682]    || 0.055 | (0.112)      || 5.9225 | (5.3346)    || 0.0000   |   (0.0598)        ||
1     |  [2340/3682]    || 0.263 | (0.112)      || 3.2728 | (5.3328)    || 0.0000   |   (0.0596)        ||
1     |  [2350/3682]    || 0.055 | (0.112)      || 5.5879 | (5.3306)    || 0.0000   |   (0.0596)        ||
1     |  [2360/3682]    || 0.300 | (0.112)      || 5.7105 | (5.3287)    || 0.0000   |   (0.0593)        ||
1     |  [2370/3682]    || 0.055 | (0.112)      || 6.2448 | (5.3295)    || 0.0000   |   (0.0591)        ||
1     |  [2380/3682]    || 0.268 | (0.112)      || 4.8819 | (5.3307)    || 0.0000   |   (0.0588)        ||
1     |  [2390/3682]    || 0.055 | (0.112)      || 5.2055 | (5.3312)    || 0.0000   |   (0.0586)        ||
1     |  [2400/3682]    || 0.317 | (0.112)      || 4.9824 | (5.3319)    || 0.0000   |   (0.0584)        ||
1     |  [2410/3682]    || 0.055 | (0.112)      || 5.0162 | (5.3325)    || 0.0000   |   (0.0581)        ||
1     |  [2420/3682]    || 0.288 | (0.112)      || 4.3074 | (5.3333)    || 0.0000   |   (0.0579)        ||
1     |  [2430/3682]    || 0.054 | (0.112)      || 5.8953 | (5.3301)    || 0.0000   |   (0.0576)        ||
1     |  [2440/3682]    || 0.261 | (0.112)      || 4.2162 | (5.3304)    || 0.0000   |   (0.0574)        ||
1     |  [2450/3682]    || 0.054 | (0.112)      || 5.9404 | (5.3300)    || 0.0000   |   (0.0572)        ||
1     |  [2460/3682]    || 0.326 | (0.112)      || 3.4219 | (5.3275)    || 0.0000   |   (0.0569)        ||
1     |  [2470/3682]    || 0.055 | (0.112)      || 0.0221 | (5.3089)    || 1.0000   |   (0.0599)        ||
1     |  [2480/3682]    || 0.343 | (0.112)      || 0.0005 | (5.2876)    || 1.0000   |   (0.0637)        ||
1     |  [2490/3682]    || 0.054 | (0.112)      || 0.0002 | (5.2663)    || 1.0000   |   (0.0675)        ||
1     |  [2500/3682]    || 0.341 | (0.112)      || 0.0001 | (5.2453)    || 1.0000   |   (0.0712)        ||
1     |  [2510/3682]    || 0.054 | (0.112)      || 0.0001 | (5.2244)    || 1.0000   |   (0.0749)        ||
1     |  [2520/3682]    || 0.329 | (0.112)      || 0.0001 | (5.2037)    || 1.0000   |   (0.0786)        ||
1     |  [2530/3682]    || 0.054 | (0.112)      || 0.0001 | (5.1831)    || 1.0000   |   (0.0822)        ||
1     |  [2540/3682]    || 0.342 | (0.112)      || 0.0001 | (5.1627)    || 1.0000   |   (0.0858)        ||
1     |  [2550/3682]    || 0.054 | (0.112)      || 0.0001 | (5.1425)    || 1.0000   |   (0.0894)        ||
1     |  [2560/3682]    || 0.299 | (0.112)      || 8.2110 | (5.1513)    || 0.0000   |   (0.0903)        ||
1     |  [2570/3682]    || 0.054 | (0.112)      || 3.8817 | (5.1537)    || 0.0000   |   (0.0899)        ||
1     |  [2580/3682]    || 0.278 | (0.112)      || 6.3868 | (5.1399)    || 0.1224   |   (0.0922)        ||
1     |  [2590/3682]    || 0.054 | (0.112)      || 6.0564 | (5.1503)    || 0.0000   |   (0.0918)        ||
1     |  [2600/3682]    || 0.299 | (0.112)      || 5.4784 | (5.1531)    || 0.0000   |   (0.0915)        ||
1     |  [2610/3682]    || 0.054 | (0.112)      || 4.0075 | (5.1528)    || 0.0000   |   (0.0911)        ||
1     |  [2620/3682]    || 0.318 | (0.112)      || 6.0294 | (5.1558)    || 0.0000   |   (0.0908)        ||
1     |  [2630/3682]    || 0.054 | (0.112)      || 5.2573 | (5.1571)    || 0.0000   |   (0.0904)        ||
1     |  [2640/3682]    || 0.280 | (0.112)      || 6.0736 | (5.1551)    || 0.0000   |   (0.0901)        ||
1     |  [2650/3682]    || 0.054 | (0.112)      || 5.9319 | (5.1560)    || 0.0000   |   (0.0897)        ||
1     |  [2660/3682]    || 0.260 | (0.112)      || 5.9641 | (5.1601)    || 0.0000   |   (0.0894)        ||
1     |  [2670/3682]    || 0.054 | (0.112)      || 5.0522 | (5.1613)    || 0.0000   |   (0.0891)        ||
1     |  [2680/3682]    || 0.265 | (0.112)      || 5.6094 | (5.1618)    || 0.0000   |   (0.0887)        ||
1     |  [2690/3682]    || 0.054 | (0.112)      || 5.6022 | (5.1635)    || 0.0000   |   (0.0884)        ||
1     |  [2700/3682]    || 0.266 | (0.112)      || 5.5938 | (5.1646)    || 0.0000   |   (0.0881)        ||
1     |  [2710/3682]    || 0.054 | (0.112)      || 3.5646 | (5.1648)    || 0.0000   |   (0.0877)        ||
1     |  [2720/3682]    || 0.267 | (0.112)      || 5.8400 | (5.1648)    || 0.0000   |   (0.0874)        ||
1     |  [2730/3682]    || 0.054 | (0.112)      || 4.0737 | (5.1657)    || 0.0000   |   (0.0871)        ||
1     |  [2740/3682]    || 0.291 | (0.112)      || 7.0303 | (5.1538)    || 0.0506   |   (0.0893)        ||
1     |  [2750/3682]    || 0.054 | (0.112)      || 5.6132 | (5.1610)    || 0.0000   |   (0.0890)        ||
1     |  [2760/3682]    || 0.317 | (0.112)      || 6.2286 | (5.1636)    || 0.0000   |   (0.0887)        ||
1     |  [2770/3682]    || 0.054 | (0.112)      || 6.1448 | (5.1643)    || 0.0000   |   (0.0884)        ||
1     |  [2780/3682]    || 0.295 | (0.112)      || 5.8102 | (5.1675)    || 0.0000   |   (0.0880)        ||
1     |  [2790/3682]    || 0.054 | (0.112)      || 6.1282 | (5.1706)    || 0.0000   |   (0.0877)        ||
1     |  [2800/3682]    || 0.266 | (0.112)      || 5.1679 | (5.1728)    || 0.0000   |   (0.0874)        ||
1     |  [2810/3682]    || 0.055 | (0.112)      || 6.0154 | (5.1748)    || 0.0000   |   (0.0871)        ||
1     |  [2820/3682]    || 0.304 | (0.112)      || 5.7663 | (5.1772)    || 0.0000   |   (0.0868)        ||
1     |  [2830/3682]    || 0.054 | (0.112)      || 4.2160 | (5.1763)    || 0.0000   |   (0.0865)        ||
1     |  [2840/3682]    || 0.255 | (0.112)      || 6.1632 | (5.1771)    || 0.0000   |   (0.0862)        ||
1     |  [2850/3682]    || 0.054 | (0.112)      || 5.6045 | (5.1797)    || 0.0000   |   (0.0859)        ||
1     |  [2860/3682]    || 0.263 | (0.112)      || 6.1327 | (5.1805)    || 0.0000   |   (0.0856)        ||
1     |  [2870/3682]    || 0.055 | (0.112)      || 5.8266 | (5.1826)    || 0.0000   |   (0.0853)        ||
1     |  [2880/3682]    || 0.274 | (0.112)      || 0.6196 | (5.1751)    || 1.0000   |   (0.0864)        ||
1     |  [2890/3682]    || 0.055 | (0.112)      || 7.2107 | (5.1781)    || 0.0000   |   (0.0865)        ||
1     |  [2900/3682]    || 0.276 | (0.112)      || 4.9899 | (5.1809)    || 0.0000   |   (0.0862)        ||
1     |  [2910/3682]    || 0.054 | (0.112)      || 5.7114 | (5.1819)    || 0.0000   |   (0.0859)        ||
1     |  [2920/3682]    || 0.286 | (0.112)      || 3.8098 | (5.1777)    || 0.2424   |   (0.0860)        ||
1     |  [2930/3682]    || 0.054 | (0.112)      || 6.6930 | (5.1809)    || 0.0000   |   (0.0857)        ||
1     |  [2940/3682]    || 0.317 | (0.112)      || 6.0146 | (5.1832)    || 0.0000   |   (0.0854)        ||
1     |  [2950/3682]    || 0.054 | (0.112)      || 5.6731 | (5.1832)    || 0.0000   |   (0.0851)        ||
1     |  [2960/3682]    || 0.262 | (0.112)      || 6.4882 | (5.1859)    || 0.0000   |   (0.0848)        ||
1     |  [2970/3682]    || 0.054 | (0.112)      || 6.1990 | (5.1894)    || 0.0000   |   (0.0845)        ||
1     |  [2980/3682]    || 0.280 | (0.112)      || 5.8075 | (5.1919)    || 0.0000   |   (0.0843)        ||
1     |  [2990/3682]    || 0.054 | (0.112)      || 2.5420 | (5.1889)    || 0.0000   |   (0.0840)        ||
1     |  [3000/3682]    || 0.249 | (0.112)      || 7.4073 | (5.1878)    || 0.0000   |   (0.0841)        ||
1     |  [3010/3682]    || 0.054 | (0.112)      || 6.5972 | (5.1924)    || 0.0000   |   (0.0838)        ||
1     |  [3020/3682]    || 0.239 | (0.112)      || 6.5765 | (5.1962)    || 0.0000   |   (0.0835)        ||
1     |  [3030/3682]    || 0.054 | (0.112)      || 5.3393 | (5.1990)    || 0.0000   |   (0.0832)        ||
1     |  [3040/3682]    || 0.241 | (0.112)      || 1.5932 | (5.1942)    || 1.0000   |   (0.0839)        ||
1     |  [3050/3682]    || 0.054 | (0.112)      || 4.4308 | (5.1898)    || 0.0000   |   (0.0849)        ||
1     |  [3060/3682]    || 0.317 | (0.112)      || 6.0627 | (5.1954)    || 0.0000   |   (0.0846)        ||
1     |  [3070/3682]    || 0.054 | (0.112)      || 5.8572 | (5.1973)    || 0.0000   |   (0.0843)        ||
1     |  [3080/3682]    || 0.149 | (0.112)      || 5.6789 | (5.1983)    || 0.0000   |   (0.0840)        ||
1     |  [3090/3682]    || 0.055 | (0.112)      || 4.5227 | (5.1983)    || 0.0000   |   (0.0838)        ||
1     |  [3100/3682]    || 0.296 | (0.112)      || 6.0412 | (5.1981)    || 0.0000   |   (0.0835)        ||
1     |  [3110/3682]    || 0.054 | (0.112)      || 5.1248 | (5.1993)    || 0.0000   |   (0.0832)        ||
1     |  [3120/3682]    || 0.286 | (0.112)      || 5.7538 | (5.2005)    || 0.0000   |   (0.0830)        ||
1     |  [3130/3682]    || 0.055 | (0.112)      || 5.7759 | (5.1961)    || 0.0000   |   (0.0830)        ||
1     |  [3140/3682]    || 0.296 | (0.112)      || 6.9722 | (5.1996)    || 0.0000   |   (0.0828)        ||
1     |  [3150/3682]    || 0.055 | (0.112)      || 5.9087 | (5.2020)    || 0.0000   |   (0.0825)        ||
1     |  [3160/3682]    || 0.295 | (0.112)      || 4.3454 | (5.2020)    || 0.0000   |   (0.0823)        ||
1     |  [3170/3682]    || 0.054 | (0.112)      || 6.1541 | (5.2035)    || 0.0000   |   (0.0820)        ||
1     |  [3180/3682]    || 0.301 | (0.112)      || 1.9525 | (5.2010)    || 0.9531   |   (0.0821)        ||
1     |  [3190/3682]    || 0.055 | (0.112)      || 9.3172 | (5.1969)    || 0.0000   |   (0.0836)        ||
1     |  [3200/3682]    || 0.317 | (0.112)      || 2.3528 | (5.1964)    || 0.7842   |   (0.0836)        ||
1     |  [3210/3682]    || 0.055 | (0.112)      || 8.9295 | (5.1932)    || 0.0000   |   (0.0850)        ||
1     |  [3220/3682]    || 0.292 | (0.112)      || 6.4418 | (5.1981)    || 0.0000   |   (0.0847)        ||
1     |  [3230/3682]    || 0.054 | (0.112)      || 5.6267 | (5.2000)    || 0.0000   |   (0.0845)        ||
1     |  [3240/3682]    || 0.298 | (0.112)      || 0.7323 | (5.1933)    || 1.0000   |   (0.0848)        ||
1     |  [3250/3682]    || 0.054 | (0.112)      || 8.2892 | (5.1925)    || 0.0000   |   (0.0859)        ||
1     |  [3260/3682]    || 0.294 | (0.112)      || 6.7018 | (5.1972)    || 0.0000   |   (0.0856)        ||
1     |  [3270/3682]    || 0.054 | (0.112)      || 6.0643 | (5.2005)    || 0.0000   |   (0.0854)        ||
1     |  [3280/3682]    || 0.297 | (0.112)      || 5.8390 | (5.2020)    || 0.0000   |   (0.0851)        ||
1     |  [3290/3682]    || 0.054 | (0.112)      || 3.8037 | (5.2013)    || 0.0000   |   (0.0849)        ||
1     |  [3300/3682]    || 0.318 | (0.112)      || 5.5394 | (5.2033)    || 0.0000   |   (0.0846)        ||
1     |  [3310/3682]    || 0.054 | (0.112)      || 6.1981 | (5.2060)    || 0.0000   |   (0.0843)        ||
1     |  [3320/3682]    || 0.313 | (0.112)      || 6.3173 | (5.2088)    || 0.0000   |   (0.0841)        ||
1     |  [3330/3682]    || 0.054 | (0.112)      || 6.0825 | (5.2110)    || 0.0000   |   (0.0838)        ||
1     |  [3340/3682]    || 0.235 | (0.112)      || 5.8230 | (5.2125)    || 0.0000   |   (0.0836)        ||
1     |  [3350/3682]    || 0.054 | (0.112)      || 6.2278 | (5.2145)    || 0.0000   |   (0.0833)        ||
1     |  [3360/3682]    || 0.302 | (0.112)      || 6.4357 | (5.2177)    || 0.0000   |   (0.0831)        ||
1     |  [3370/3682]    || 0.056 | (0.112)      || 6.5529 | (5.2200)    || 0.0000   |   (0.0828)        ||
1     |  [3380/3682]    || 0.293 | (0.112)      || 2.0180 | (5.2177)    || 0.0000   |   (0.0826)        ||
1     |  [3390/3682]    || 0.056 | (0.112)      || 7.3412 | (5.2189)    || 0.0000   |   (0.0832)        ||
1     |  [3400/3682]    || 0.286 | (0.112)      || 6.3036 | (5.2221)    || 0.0000   |   (0.0829)        ||
1     |  [3410/3682]    || 0.056 | (0.112)      || 4.8306 | (5.2215)    || 0.0000   |   (0.0827)        ||
1     |  [3420/3682]    || 0.267 | (0.112)      || 6.7808 | (5.2168)    || 0.0000   |   (0.0826)        ||
1     |  [3430/3682]    || 0.056 | (0.112)      || 6.2081 | (5.2203)    || 0.0000   |   (0.0823)        ||
1     |  [3440/3682]    || 0.265 | (0.112)      || 4.3133 | (5.2218)    || 0.0000   |   (0.0821)        ||
1     |  [3450/3682]    || 0.056 | (0.112)      || 5.7706 | (5.2225)    || 0.0000   |   (0.0819)        ||
1     |  [3460/3682]    || 0.275 | (0.112)      || 5.7268 | (5.2230)    || 0.0000   |   (0.0816)        ||
1     |  [3470/3682]    || 0.054 | (0.112)      || 4.9289 | (5.2217)    || 0.0000   |   (0.0814)        ||
1     |  [3480/3682]    || 0.288 | (0.112)      || 5.8511 | (5.2252)    || 0.0000   |   (0.0812)        ||
1     |  [3490/3682]    || 0.055 | (0.112)      || 6.3836 | (5.2275)    || 0.0000   |   (0.0809)        ||
1     |  [3500/3682]    || 0.285 | (0.112)      || 3.6915 | (5.2276)    || 0.0000   |   (0.0807)        ||
1     |  [3510/3682]    || 0.054 | (0.112)      || 5.1738 | (5.2258)    || 0.0000   |   (0.0807)        ||
1     |  [3520/3682]    || 0.293 | (0.112)      || 5.6476 | (5.2249)    || 0.0000   |   (0.0805)        ||
1     |  [3530/3682]    || 0.055 | (0.112)      || 6.2859 | (5.2272)    || 0.0000   |   (0.0803)        ||
1     |  [3540/3682]    || 0.294 | (0.112)      || 5.5811 | (5.2271)    || 0.0000   |   (0.0800)        ||
1     |  [3550/3682]    || 0.054 | (0.112)      || 4.4051 | (5.2271)    || 0.0000   |   (0.0798)        ||
1     |  [3560/3682]    || 0.182 | (0.112)      || 0.1825 | (5.2174)    || 1.0000   |   (0.0811)        ||
1     |  [3570/3682]    || 0.055 | (0.112)      || 6.3710 | (5.2201)    || 0.0000   |   (0.0816)        ||
1     |  [3580/3682]    || 0.311 | (0.112)      || 6.3075 | (5.2213)    || 0.0000   |   (0.0814)        ||
1     |  [3590/3682]    || 0.054 | (0.112)      || 6.4169 | (5.2247)    || 0.0000   |   (0.0812)        ||
1     |  [3600/3682]    || 0.276 | (0.112)      || 5.8889 | (5.2271)    || 0.0000   |   (0.0810)        ||
1     |  [3610/3682]    || 0.054 | (0.112)      || 5.4945 | (5.2292)    || 0.0000   |   (0.0807)        ||
1     |  [3620/3682]    || 0.310 | (0.112)      || 4.3090 | (5.2267)    || 0.0000   |   (0.0806)        ||
1     |  [3630/3682]    || 0.055 | (0.112)      || 6.1650 | (5.2261)    || 0.0000   |   (0.0804)        ||
1     |  [3640/3682]    || 0.276 | (0.112)      || 6.4108 | (5.2293)    || 0.0000   |   (0.0802)        ||
1     |  [3650/3682]    || 0.055 | (0.112)      || 6.2631 | (5.2313)    || 0.0000   |   (0.0800)        ||
1     |  [3660/3682]    || 0.302 | (0.112)      || 4.8235 | (5.2320)    || 0.0000   |   (0.0797)        ||
1     |  [3670/3682]    || 0.054 | (0.112)      || 6.4222 | (5.2306)    || 0.0000   |   (0.0795)        ||
1     |  [3680/3682]    || 0.205 | (0.112)      || 5.7143 | (5.2309)    || 0.0000   |   (0.0793)        ||
 * average GAP on train 0.0793
