Docker-yuvalsnir@ef.technion.ac.il@visl-184u:/data/yuvalsnir@ef.technion.ac.il$ python baseline2.py
classes with at least N samples: 890
train_df (235709, 2)
test_df (117577, 3)
test_df after filtering (117577, 3)
found classes 890
Loaded pretrained weights for efficientnet-b0
--------------------------------------------------
epoch 1
total batches: 3682

epoch    batch             time    (avg time)        loss   (avg loss)    GAP score   (avg score)
---------------------------------------------------------------------------------------------------------
1     |  [0/3682]       || 0.633 | (0.633)      || 6.9174 | (6.9174)    || 0.0000   |   (0.0000)        ||
1     |  [10/3682]      || 0.054 | (0.148)      || 6.8287 | (6.8614)    || 0.0000   |   (0.0000)        ||
1     |  [20/3682]      || 0.248 | (0.135)      || 6.8529 | (6.8591)    || 0.0000   |   (0.0000)        ||
1     |  [30/3682]      || 0.054 | (0.122)      || 6.7821 | (6.8402)    || 0.0000   |   (0.0000)        ||
1     |  [40/3682]      || 0.273 | (0.121)      || 6.8352 | (6.8134)    || 0.0000   |   (0.0001)        ||
1     |  [50/3682]      || 0.054 | (0.117)      || 6.7712 | (6.8103)    || 0.0000   |   (0.0001)        ||
1     |  [60/3682]      || 0.275 | (0.117)      || 6.8192 | (6.8086)    || 0.0000   |   (0.0001)        ||
1     |  [70/3682]      || 0.055 | (0.115)      || 6.7791 | (6.8087)    || 0.0014   |   (0.0001)        ||
1     |  [80/3682]      || 0.329 | (0.116)      || 6.8348 | (6.8116)    || 0.0000   |   (0.0001)        ||
1     |  [90/3682]      || 0.055 | (0.114)      || 6.7429 | (6.8111)    || 0.0000   |   (0.0001)        ||
1     |  [100/3682]     || 0.282 | (0.115)      || 6.7588 | (6.8123)    || 0.0000   |   (0.0001)        ||
1     |  [110/3682]     || 0.055 | (0.114)      || 6.7907 | (6.8100)    || 0.0000   |   (0.0001)        ||
1     |  [120/3682]     || 0.296 | (0.114)      || 6.8404 | (6.8062)    || 0.0000   |   (0.0001)        ||
1     |  [130/3682]     || 0.054 | (0.113)      || 6.7818 | (6.8061)    || 0.0000   |   (0.0001)        ||
1     |  [140/3682]     || 0.248 | (0.113)      || 6.8071 | (6.8077)    || 0.0000   |   (0.0001)        ||
1     |  [150/3682]     || 0.054 | (0.113)      || 6.6855 | (6.8078)    || 0.0020   |   (0.0001)        ||
1     |  [160/3682]     || 0.280 | (0.113)      || 6.8426 | (6.7839)    || 0.0000   |   (0.0009)        ||
1     |  [170/3682]     || 0.054 | (0.112)      || 6.8443 | (6.7850)    || 0.0003   |   (0.0008)        ||
1     |  [180/3682]     || 0.292 | (0.113)      || 6.0762 | (6.7684)    || 0.0003   |   (0.0008)        ||
1     |  [190/3682]     || 0.054 | (0.112)      || 6.8538 | (6.7706)    || 0.0000   |   (0.0007)        ||
1     |  [200/3682]     || 0.300 | (0.113)      || 6.8443 | (6.7748)    || 0.0000   |   (0.0007)        ||
1     |  [210/3682]     || 0.054 | (0.112)      || 7.0201 | (6.7785)    || 0.0000   |   (0.0007)        ||
1     |  [220/3682]     || 0.242 | (0.112)      || 6.7754 | (6.7805)    || 0.0000   |   (0.0006)        ||
1     |  [230/3682]     || 0.054 | (0.112)      || 6.6490 | (6.7815)    || 0.0000   |   (0.0006)        ||
1     |  [240/3682]     || 0.283 | (0.112)      || 6.7268 | (6.7620)    || 0.0000   |   (0.0006)        ||
1     |  [250/3682]     || 0.053 | (0.112)      || 6.5748 | (6.7617)    || 0.0000   |   (0.0006)        ||
1     |  [260/3682]     || 0.281 | (0.112)      || 6.7997 | (6.7640)    || 0.0000   |   (0.0005)        ||
1     |  [270/3682]     || 0.054 | (0.112)      || 6.9669 | (6.7679)    || 0.0000   |   (0.0005)        ||
1     |  [280/3682]     || 0.254 | (0.112)      || 6.8072 | (6.7690)    || 0.0000   |   (0.0005)        ||
1     |  [290/3682]     || 0.054 | (0.112)      || 6.9001 | (6.7708)    || 0.0000   |   (0.0005)        ||
1     |  [300/3682]     || 0.272 | (0.112)      || 6.4409 | (6.7716)    || 0.0000   |   (0.0005)        ||
1     |  [310/3682]     || 0.054 | (0.112)      || 6.9038 | (6.7677)    || 0.0000   |   (0.0005)        ||
1     |  [320/3682]     || 0.292 | (0.112)      || 6.3343 | (6.7656)    || 0.0000   |   (0.0004)        ||
1     |  [330/3682]     || 0.054 | (0.112)      || 6.9503 | (6.7443)    || 0.0000   |   (0.0004)        ||
1     |  [340/3682]     || 0.282 | (0.112)      || 5.5044 | (6.7329)    || 0.0000   |   (0.0004)        ||
1     |  [350/3682]     || 0.054 | (0.112)      || 2.8235 | (6.6580)    || 0.2024   |   (0.0012)        ||
1     |  [360/3682]     || 0.311 | (0.112)      || 8.6441 | (6.5773)    || 0.0000   |   (0.0187)        ||
1     |  [370/3682]     || 0.055 | (0.112)      || 7.3889 | (6.6278)    || 0.0000   |   (0.0182)        ||
1     |  [380/3682]     || 0.289 | (0.112)      || 6.9345 | (6.6424)    || 0.0000   |   (0.0177)        ||
1     |  [390/3682]     || 0.055 | (0.111)      || 6.7085 | (6.6471)    || 0.0000   |   (0.0173)        ||
1     |  [400/3682]     || 0.312 | (0.112)      || 6.8243 | (6.6520)    || 0.0000   |   (0.0168)        ||
1     |  [410/3682]     || 0.054 | (0.111)      || 6.8687 | (6.6553)    || 0.0000   |   (0.0164)        ||
1     |  [420/3682]     || 0.303 | (0.112)      || 6.8972 | (6.6582)    || 0.0000   |   (0.0160)        ||
1     |  [430/3682]     || 0.054 | (0.112)      || 6.1938 | (6.6513)    || 0.0233   |   (0.0157)        ||
1     |  [440/3682]     || 0.269 | (0.112)      || 6.6417 | (6.6513)    || 0.0000   |   (0.0154)        ||
1     |  [450/3682]     || 0.056 | (0.111)      || 6.6818 | (6.6540)    || 0.0000   |   (0.0150)        ||
1     |  [460/3682]     || 0.299 | (0.112)      || 6.9434 | (6.6517)    || 0.0000   |   (0.0147)        ||
1     |  [470/3682]     || 0.056 | (0.112)      || 6.4949 | (6.6439)    || 0.0000   |   (0.0144)        ||
1     |  [480/3682]     || 0.260 | (0.112)      || 6.8357 | (6.6450)    || 0.0000   |   (0.0141)        ||
1     |  [490/3682]     || 0.056 | (0.111)      || 5.4850 | (6.6408)    || 0.0000   |   (0.0138)        ||
1     |  [500/3682]     || 0.273 | (0.112)      || 6.7737 | (6.6416)    || 0.0000   |   (0.0135)        ||
1     |  [510/3682]     || 0.056 | (0.111)      || 6.8948 | (6.6408)    || 0.0000   |   (0.0133)        ||
1     |  [520/3682]     || 0.272 | (0.112)      || 6.7999 | (6.6358)    || 0.0000   |   (0.0130)        ||
1     |  [530/3682]     || 0.056 | (0.111)      || 6.6307 | (6.6378)    || 0.0000   |   (0.0128)        ||
1     |  [540/3682]     || 0.279 | (0.112)      || 5.8486 | (6.6367)    || 0.0000   |   (0.0125)        ||
1     |  [550/3682]     || 0.056 | (0.111)      || 6.5843 | (6.6362)    || 0.0000   |   (0.0123)        ||
1     |  [560/3682]     || 0.278 | (0.111)      || 6.9801 | (6.6305)    || 0.0000   |   (0.0121)        ||
1     |  [570/3682]     || 0.055 | (0.111)      || 6.4147 | (6.6302)    || 0.0000   |   (0.0119)        ||
1     |  [580/3682]     || 0.287 | (0.111)      || 6.5251 | (6.6280)    || 0.0000   |   (0.0117)        ||
1     |  [590/3682]     || 0.055 | (0.111)      || 6.9784 | (6.6311)    || 0.0000   |   (0.0115)        ||
1     |  [600/3682]     || 0.289 | (0.111)      || 6.3219 | (6.6307)    || 0.0000   |   (0.0113)        ||
1     |  [610/3682]     || 0.055 | (0.111)      || 6.6204 | (6.6276)    || 0.0000   |   (0.0111)        ||
1     |  [620/3682]     || 0.286 | (0.111)      || 6.7494 | (6.6298)    || 0.0000   |   (0.0109)        ||
1     |  [630/3682]     || 0.056 | (0.111)      || 6.7681 | (6.6296)    || 0.0000   |   (0.0107)        ||
1     |  [640/3682]     || 0.294 | (0.111)      || 6.3769 | (6.6313)    || 0.0000   |   (0.0106)        ||
1     |  [650/3682]     || 0.063 | (0.111)      || 3.8333 | (6.5918)    || 0.4004   |   (0.0147)        ||
1     |  [660/3682]     || 0.280 | (0.111)      || 7.4575 | (6.6091)    || 0.0000   |   (0.0145)        ||
1     |  [670/3682]     || 0.065 | (0.111)      || 5.2186 | (6.6061)    || 0.0000   |   (0.0143)        ||
1     |  [680/3682]     || 0.278 | (0.111)      || 6.4187 | (6.5842)    || 0.0000   |   (0.0180)        ||
1     |  [690/3682]     || 0.083 | (0.111)      || 6.6198 | (6.5886)    || 0.0000   |   (0.0177)        ||
1     |  [700/3682]     || 0.216 | (0.111)      || 6.8145 | (6.5867)    || 0.0000   |   (0.0175)        ||
1     |  [710/3682]     || 0.095 | (0.111)      || 6.8217 | (6.5803)    || 0.0000   |   (0.0172)        ||
1     |  [720/3682]     || 0.228 | (0.111)      || 4.5839 | (6.5721)    || 0.0000   |   (0.0170)        ||
1     |  [730/3682]     || 0.104 | (0.111)      || 7.3790 | (6.5593)    || 0.0000   |   (0.0170)        ||
1     |  [740/3682]     || 0.186 | (0.111)      || 6.2865 | (6.5626)    || 0.0000   |   (0.0168)        ||
1     |  [750/3682]     || 0.150 | (0.111)      || 6.6388 | (6.5586)    || 0.0000   |   (0.0166)        ||
1     |  [760/3682]     || 0.174 | (0.111)      || 2.0279 | (6.5334)    || 0.7880   |   (0.0174)        ||
1     |  [770/3682]     || 0.173 | (0.111)      || 5.7086 | (6.5368)    || 0.0000   |   (0.0181)        ||
1     |  [780/3682]     || 0.181 | (0.111)      || 5.8343 | (6.5292)    || 0.0000   |   (0.0178)        ||
1     |  [790/3682]     || 0.114 | (0.111)      || 6.6595 | (6.5302)    || 0.0000   |   (0.0176)        ||
1     |  [800/3682]     || 0.269 | (0.111)      || 6.6078 | (6.5317)    || 0.0000   |   (0.0174)        ||
1     |  [810/3682]     || 0.097 | (0.111)      || 6.7189 | (6.5311)    || 0.0000   |   (0.0172)        ||
1     |  [820/3682]     || 0.235 | (0.111)      || 6.6807 | (6.5334)    || 0.0000   |   (0.0170)        ||
1     |  [830/3682]     || 0.119 | (0.111)      || 6.1474 | (6.5317)    || 0.0000   |   (0.0168)        ||
1     |  [840/3682]     || 0.227 | (0.111)      || 7.5979 | (6.5095)    || 0.0000   |   (0.0177)        ||
1     |  [850/3682]     || 0.117 | (0.111)      || 6.4549 | (6.5165)    || 0.0000   |   (0.0175)        ||
1     |  [860/3682]     || 0.229 | (0.111)      || 5.8759 | (6.5139)    || 0.0000   |   (0.0173)        ||
1     |  [870/3682]     || 0.104 | (0.111)      || 0.2883 | (6.4687)    || 1.0000   |   (0.0228)        ||
1     |  [880/3682]     || 0.200 | (0.111)      || 6.2711 | (6.4878)    || 0.0000   |   (0.0226)        ||
1     |  [890/3682]     || 0.154 | (0.111)      || 6.7811 | (6.4862)    || 0.0000   |   (0.0223)        ||
1     |  [900/3682]     || 0.181 | (0.111)      || 1.7616 | (6.4643)    || 0.9844   |   (0.0232)        ||
1     |  [910/3682]     || 0.153 | (0.111)      || 5.9577 | (6.4684)    || 0.0000   |   (0.0235)        ||
1     |  [920/3682]     || 0.155 | (0.111)      || 7.0100 | (6.4675)    || 0.0000   |   (0.0232)        ||
1     |  [930/3682]     || 0.182 | (0.111)      || 6.7482 | (6.4693)    || 0.0000   |   (0.0230)        ||
1     |  [940/3682]     || 0.137 | (0.111)      || 5.8558 | (6.4709)    || 0.0000   |   (0.0227)        ||
1     |  [950/3682]     || 0.165 | (0.111)      || 4.2604 | (6.4654)    || 0.0000   |   (0.0225)        ||
1     |  [960/3682]     || 0.142 | (0.111)      || 6.2547 | (6.4670)    || 0.0000   |   (0.0222)        ||
1     |  [970/3682]     || 0.277 | (0.112)      || 7.4128 | (6.4569)    || 0.0000   |   (0.0225)        ||
1     |  [980/3682]     || 0.057 | (0.112)      || 6.5686 | (6.4621)    || 0.0000   |   (0.0223)        ||
1     |  [990/3682]     || 0.262 | (0.112)      || 5.7975 | (6.4628)    || 0.0000   |   (0.0221)        ||
1     |  [1000/3682]    || 0.056 | (0.112)      || 5.7709 | (6.4603)    || 0.0000   |   (0.0218)        ||
1     |  [1010/3682]    || 0.290 | (0.112)      || 6.1467 | (6.4614)    || 0.0000   |   (0.0216)        ||
1     |  [1020/3682]    || 0.057 | (0.112)      || 6.7927 | (6.4616)    || 0.0000   |   (0.0214)        ||
1     |  [1030/3682]    || 0.268 | (0.112)      || 5.3707 | (6.4607)    || 0.0000   |   (0.0212)        ||
1     |  [1040/3682]    || 0.056 | (0.111)      || 6.3687 | (6.4597)    || 0.0000   |   (0.0210)        ||
1     |  [1050/3682]    || 0.311 | (0.112)      || 6.4888 | (6.4600)    || 0.0000   |   (0.0208)        ||
1     |  [1060/3682]    || 0.055 | (0.112)      || 5.6961 | (6.4583)    || 0.0000   |   (0.0206)        ||
1     |  [1070/3682]    || 0.267 | (0.112)      || 6.7905 | (6.4606)    || 0.0000   |   (0.0204)        ||
1     |  [1080/3682]    || 0.055 | (0.112)      || 6.3550 | (6.4615)    || 0.0000   |   (0.0202)        ||
1     |  [1090/3682]    || 0.261 | (0.112)      || 6.4605 | (6.4625)    || 0.0000   |   (0.0200)        ||
1     |  [1100/3682]    || 0.055 | (0.112)      || 6.3771 | (6.4621)    || 0.0000   |   (0.0199)        ||
1     |  [1110/3682]    || 0.288 | (0.112)      || 6.7681 | (6.4615)    || 0.0000   |   (0.0197)        ||
1     |  [1120/3682]    || 0.055 | (0.112)      || 6.7359 | (6.4611)    || 0.0000   |   (0.0195)        ||
1     |  [1130/3682]    || 0.288 | (0.112)      || 5.7548 | (6.4614)    || 0.0000   |   (0.0193)        ||
1     |  [1140/3682]    || 0.054 | (0.112)      || 6.8558 | (6.4641)    || 0.0000   |   (0.0192)        ||
1     |  [1150/3682]    || 0.288 | (0.112)      || 6.3859 | (6.4653)    || 0.0000   |   (0.0190)        ||
1     |  [1160/3682]    || 0.055 | (0.112)      || 6.9222 | (6.4576)    || 0.0000   |   (0.0189)        ||
1     |  [1170/3682]    || 0.348 | (0.112)      || 6.3661 | (6.4585)    || 0.0000   |   (0.0187)        ||
1     |  [1180/3682]    || 0.055 | (0.112)      || 5.2078 | (6.4565)    || 0.0000   |   (0.0186)        ||
1     |  [1190/3682]    || 0.297 | (0.112)      || 5.9972 | (6.4576)    || 0.0000   |   (0.0184)        ||
1     |  [1200/3682]    || 0.055 | (0.112)      || 6.1084 | (6.4588)    || 0.0000   |   (0.0182)        ||
1     |  [1210/3682]    || 0.296 | (0.112)      || 6.7418 | (6.4585)    || 0.0000   |   (0.0181)        ||
1     |  [1220/3682]    || 0.054 | (0.112)      || 5.6961 | (6.4591)    || 0.0000   |   (0.0179)        ||
1     |  [1230/3682]    || 0.288 | (0.112)      || 6.4148 | (6.4595)    || 0.0000   |   (0.0178)        ||
1     |  [1240/3682]    || 0.054 | (0.112)      || 5.8988 | (6.4599)    || 0.0000   |   (0.0177)        ||
1     |  [1250/3682]    || 0.271 | (0.112)      || 6.5525 | (6.4590)    || 0.0000   |   (0.0175)        ||
1     |  [1260/3682]    || 0.054 | (0.112)      || 6.3215 | (6.4563)    || 0.0000   |   (0.0174)        ||
1     |  [1270/3682]    || 0.280 | (0.112)      || 6.7733 | (6.4505)    || 0.0000   |   (0.0172)        ||
1     |  [1280/3682]    || 0.054 | (0.112)      || 6.0367 | (6.4509)    || 0.0000   |   (0.0171)        ||
1     |  [1290/3682]    || 0.318 | (0.112)      || 6.1799 | (6.4505)    || 0.0000   |   (0.0170)        ||
1     |  [1300/3682]    || 0.055 | (0.112)      || 3.1372 | (6.4403)    || 0.0000   |   (0.0168)        ||
1     |  [1310/3682]    || 0.325 | (0.112)      || 6.6646 | (6.4418)    || 0.0000   |   (0.0167)        ||
1     |  [1320/3682]    || 0.054 | (0.112)      || 6.4267 | (6.4436)    || 0.0000   |   (0.0166)        ||
1     |  [1330/3682]    || 0.257 | (0.112)      || 6.4406 | (6.4399)    || 0.0000   |   (0.0165)        ||
1     |  [1340/3682]    || 0.054 | (0.112)      || 4.5992 | (6.4388)    || 0.0000   |   (0.0163)        ||
1     |  [1350/3682]    || 0.261 | (0.112)      || 7.0252 | (6.4327)    || 0.0000   |   (0.0184)        ||
1     |  [1360/3682]    || 0.055 | (0.112)      || 6.8501 | (6.4341)    || 0.0000   |   (0.0182)        ||
1     |  [1370/3682]    || 0.263 | (0.112)      || 6.4482 | (6.4343)    || 0.0000   |   (0.0181)        ||
1     |  [1380/3682]    || 0.054 | (0.112)      || 5.1230 | (6.4317)    || 0.0000   |   (0.0180)        ||
1     |  [1390/3682]    || 0.282 | (0.112)      || 6.2609 | (6.4271)    || 0.0000   |   (0.0178)        ||
1     |  [1400/3682]    || 0.054 | (0.112)      || 7.1126 | (6.4235)    || 0.0000   |   (0.0177)        ||
1     |  [1410/3682]    || 0.278 | (0.112)      || 6.7700 | (6.4259)    || 0.0000   |   (0.0176)        ||
1     |  [1420/3682]    || 0.053 | (0.112)      || 6.4162 | (6.4272)    || 0.0000   |   (0.0175)        ||
1     |  [1430/3682]    || 0.301 | (0.112)      || 6.6563 | (6.4286)    || 0.0000   |   (0.0173)        ||
1     |  [1440/3682]    || 0.053 | (0.112)      || 6.7223 | (6.4292)    || 0.0000   |   (0.0172)        ||
1     |  [1450/3682]    || 0.298 | (0.112)      || 4.4532 | (6.4266)    || 0.0000   |   (0.0171)        ||
1     |  [1460/3682]    || 0.054 | (0.112)      || 0.0420 | (6.3918)    || 1.0000   |   (0.0231)        ||
1     |  [1470/3682]    || 0.290 | (0.112)      || 0.0006 | (6.3483)    || 1.0000   |   (0.0298)        ||
1     |  [1480/3682]    || 0.054 | (0.112)      || 6.9781 | (6.3674)    || 0.0000   |   (0.0298)        ||
1     |  [1490/3682]    || 0.282 | (0.112)      || 6.8416 | (6.3697)    || 0.0000   |   (0.0296)        ||
1     |  [1500/3682]    || 0.053 | (0.112)      || 6.9647 | (6.3703)    || 0.0000   |   (0.0294)        ||
1     |  [1510/3682]    || 0.300 | (0.112)      || 5.5706 | (6.3654)    || 0.0000   |   (0.0292)        ||
1     |  [1520/3682]    || 0.053 | (0.112)      || 6.8221 | (6.3691)    || 0.0000   |   (0.0290)        ||
1     |  [1530/3682]    || 0.277 | (0.112)      || 6.1145 | (6.3700)    || 0.0000   |   (0.0288)        ||
1     |  [1540/3682]    || 0.053 | (0.112)      || 4.6276 | (6.3686)    || 0.0000   |   (0.0286)        ||
1     |  [1550/3682]    || 0.275 | (0.112)      || 5.9021 | (6.3705)    || 0.0000   |   (0.0284)        ||
1     |  [1560/3682]    || 0.054 | (0.112)      || 6.6923 | (6.3712)    || 0.0000   |   (0.0283)        ||
1     |  [1570/3682]    || 0.274 | (0.112)      || 6.3820 | (6.3713)    || 0.0000   |   (0.0281)        ||
1     |  [1580/3682]    || 0.054 | (0.112)      || 6.7131 | (6.3740)    || 0.0000   |   (0.0279)        ||
1     |  [1590/3682]    || 0.262 | (0.112)      || 6.5077 | (6.3721)    || 0.0000   |   (0.0277)        ||
1     |  [1600/3682]    || 0.053 | (0.112)      || 6.7403 | (6.3720)    || 0.0000   |   (0.0276)        ||
1     |  [1610/3682]    || 0.221 | (0.112)      || 6.4288 | (6.3706)    || 0.0000   |   (0.0274)        ||
1     |  [1620/3682]    || 0.055 | (0.112)      || 6.3463 | (6.3693)    || 0.0000   |   (0.0272)        ||
1     |  [1630/3682]    || 0.286 | (0.112)      || 6.7860 | (6.3706)    || 0.0000   |   (0.0270)        ||
1     |  [1640/3682]    || 0.054 | (0.112)      || 6.7997 | (6.3715)    || 0.0000   |   (0.0269)        ||
1     |  [1650/3682]    || 0.241 | (0.112)      || 6.4931 | (6.3722)    || 0.0000   |   (0.0267)        ||
1     |  [1660/3682]    || 0.054 | (0.112)      || 6.5731 | (6.3723)    || 0.0000   |   (0.0266)        ||
1     |  [1670/3682]    || 0.276 | (0.112)      || 6.3847 | (6.3732)    || 0.0000   |   (0.0264)        ||
1     |  [1680/3682]    || 0.054 | (0.112)      || 4.8681 | (6.3727)    || 0.0000   |   (0.0262)        ||
1     |  [1690/3682]    || 0.258 | (0.112)      || 6.3444 | (6.3738)    || 0.0000   |   (0.0261)        ||
1     |  [1700/3682]    || 0.054 | (0.112)      || 5.9913 | (6.3742)    || 0.0000   |   (0.0259)        ||
1     |  [1710/3682]    || 0.271 | (0.112)      || 3.7072 | (6.3710)    || 0.0000   |   (0.0258)        ||
1     |  [1720/3682]    || 0.054 | (0.112)      || 6.6514 | (6.3732)    || 0.0000   |   (0.0256)        ||
1     |  [1730/3682]    || 0.319 | (0.112)      || 6.4530 | (6.3729)    || 0.0000   |   (0.0255)        ||
1     |  [1740/3682]    || 0.054 | (0.112)      || 6.7902 | (6.3729)    || 0.0000   |   (0.0253)        ||
1     |  [1750/3682]    || 0.307 | (0.112)      || 6.7943 | (6.3667)    || 0.0000   |   (0.0259)        ||
1     |  [1760/3682]    || 0.054 | (0.112)      || 6.7054 | (6.3682)    || 0.0000   |   (0.0258)        ||
1     |  [1770/3682]    || 0.294 | (0.112)      || 6.4956 | (6.3694)    || 0.0000   |   (0.0256)        ||
1     |  [1780/3682]    || 0.054 | (0.112)      || 6.8525 | (6.3691)    || 0.0000   |   (0.0255)        ||
1     |  [1790/3682]    || 0.287 | (0.112)      || 6.9264 | (6.3706)    || 0.0000   |   (0.0253)        ||
1     |  [1800/3682]    || 0.054 | (0.112)      || 4.3749 | (6.3690)    || 0.0000   |   (0.0252)        ||
1     |  [1810/3682]    || 0.266 | (0.112)      || 7.1315 | (6.3714)    || 0.0000   |   (0.0250)        ||
1     |  [1820/3682]    || 0.054 | (0.112)      || 6.6607 | (6.3723)    || 0.0000   |   (0.0249)        ||
1     |  [1830/3682]    || 0.269 | (0.112)      || 6.8724 | (6.3724)    || 0.0000   |   (0.0248)        ||
1     |  [1840/3682]    || 0.053 | (0.111)      || 6.9414 | (6.3725)    || 0.0000   |   (0.0246)        ||
1     |  [1850/3682]    || 0.297 | (0.112)      || 6.1803 | (6.3731)    || 0.0000   |   (0.0245)        ||
1     |  [1860/3682]    || 0.053 | (0.112)      || 3.5850 | (6.3699)    || 0.0000   |   (0.0244)        ||
1     |  [1870/3682]    || 0.268 | (0.112)      || 6.4229 | (6.3679)    || 0.0000   |   (0.0248)        ||
1     |  [1880/3682]    || 0.053 | (0.112)      || 6.7414 | (6.3659)    || 0.0000   |   (0.0247)        ||
1     |  [1890/3682]    || 0.278 | (0.112)      || 6.8638 | (6.3652)    || 0.0000   |   (0.0245)        ||
1     |  [1900/3682]    || 0.053 | (0.112)      || 6.0738 | (6.3660)    || 0.0000   |   (0.0244)        ||
1     |  [1910/3682]    || 0.291 | (0.112)      || 7.4472 | (6.3581)    || 0.0000   |   (0.0254)        ||
1     |  [1920/3682]    || 0.054 | (0.112)      || 6.4379 | (6.3584)    || 0.0000   |   (0.0253)        ||
1     |  [1930/3682]    || 0.287 | (0.112)      || 5.7989 | (6.3597)    || 0.0000   |   (0.0251)        ||
1     |  [1940/3682]    || 0.053 | (0.112)      || 6.6725 | (6.3610)    || 0.0000   |   (0.0250)        ||
1     |  [1950/3682]    || 0.260 | (0.112)      || 6.4733 | (6.3624)    || 0.0000   |   (0.0249)        ||
1     |  [1960/3682]    || 0.053 | (0.111)      || 6.6264 | (6.3630)    || 0.0000   |   (0.0247)        ||
1     |  [1970/3682]    || 0.267 | (0.112)      || 0.1875 | (6.3461)    || 1.0000   |   (0.0263)        ||
1     |  [1980/3682]    || 0.053 | (0.111)      || 9.2705 | (6.3412)    || 0.0000   |   (0.0287)        ||
1     |  [1990/3682]    || 0.305 | (0.112)      || 6.0080 | (6.3433)    || 0.0000   |   (0.0286)        ||
1     |  [2000/3682]    || 0.053 | (0.111)      || 7.1796 | (6.3434)    || 0.0000   |   (0.0284)        ||
1     |  [2010/3682]    || 0.263 | (0.112)      || 7.4423 | (6.3400)    || 0.0000   |   (0.0285)        ||
1     |  [2020/3682]    || 0.053 | (0.111)      || 6.4094 | (6.3408)    || 0.0000   |   (0.0284)        ||
1     |  [2030/3682]    || 0.297 | (0.111)      || 6.7657 | (6.3409)    || 0.0000   |   (0.0283)        ||
1     |  [2040/3682]    || 0.053 | (0.111)      || 7.1453 | (6.3375)    || 0.0000   |   (0.0281)        ||
1     |  [2050/3682]    || 0.287 | (0.112)      || 7.0920 | (6.3392)    || 0.0000   |   (0.0280)        ||
1     |  [2060/3682]    || 0.053 | (0.112)      || 7.1288 | (6.3387)    || 0.0000   |   (0.0278)        ||
1     |  [2070/3682]    || 0.264 | (0.112)      || 6.9036 | (6.3403)    || 0.0000   |   (0.0277)        ||
1     |  [2080/3682]    || 0.053 | (0.111)      || 6.3953 | (6.3418)    || 0.0000   |   (0.0276)        ||
1     |  [2090/3682]    || 0.446 | (0.112)      || 5.1740 | (6.3423)    || 0.0000   |   (0.0275)        ||
1     |  [2100/3682]    || 0.053 | (0.112)      || 5.4890 | (6.3430)    || 0.0000   |   (0.0273)        ||
1     |  [2110/3682]    || 0.275 | (0.112)      || 11.8425 | (6.3280)   || 0.0000   |   (0.0296)        ||
1     |  [2120/3682]    || 0.053 | (0.112)      || 6.2799 | (6.3328)    || 0.0000   |   (0.0295)        ||
1     |  [2130/3682]    || 0.272 | (0.112)      || 6.5523 | (6.3338)    || 0.0000   |   (0.0294)        ||
1     |  [2140/3682]    || 0.053 | (0.112)      || 6.7155 | (6.3357)    || 0.0000   |   (0.0292)        ||
1     |  [2150/3682]    || 0.290 | (0.112)      || 5.0890 | (6.3352)    || 0.0000   |   (0.0291)        ||
1     |  [2160/3682]    || 0.053 | (0.112)      || 6.7198 | (6.3372)    || 0.0000   |   (0.0290)        ||
1     |  [2170/3682]    || 0.287 | (0.112)      || 6.4391 | (6.3382)    || 0.0000   |   (0.0288)        ||
1     |  [2180/3682]    || 0.053 | (0.112)      || 6.8509 | (6.3375)    || 0.0000   |   (0.0287)        ||
1     |  [2190/3682]    || 0.298 | (0.112)      || 6.3780 | (6.3380)    || 0.0000   |   (0.0286)        ||
1     |  [2200/3682]    || 0.054 | (0.112)      || 5.4876 | (6.3373)    || 0.0000   |   (0.0284)        ||
1     |  [2210/3682]    || 0.313 | (0.112)      || 7.0502 | (6.3373)    || 0.0000   |   (0.0283)        ||
1     |  [2220/3682]    || 0.054 | (0.112)      || 6.6302 | (6.3371)    || 0.0000   |   (0.0282)        ||
1     |  [2230/3682]    || 0.290 | (0.112)      || 3.2936 | (6.3347)    || 0.5318   |   (0.0283)        ||
1     |  [2240/3682]    || 0.053 | (0.112)      || 0.0041 | (6.3090)    || 1.0000   |   (0.0325)        ||
1     |  [2250/3682]    || 0.288 | (0.112)      || 0.0001 | (6.2810)    || 1.0000   |   (0.0368)        ||
1     |  [2260/3682]    || 0.054 | (0.112)      || 16.5503 | (6.2705)   || 0.0000   |   (0.0399)        ||
1     |  [2270/3682]    || 0.292 | (0.112)      || 7.1311 | (6.2800)    || 0.0000   |   (0.0398)        ||
1     |  [2280/3682]    || 0.055 | (0.112)      || 7.0718 | (6.2817)    || 0.0000   |   (0.0396)        ||
1     |  [2290/3682]    || 0.296 | (0.112)      || 6.0046 | (6.2833)    || 0.0000   |   (0.0394)        ||
1     |  [2300/3682]    || 0.056 | (0.111)      || 6.9496 | (6.2843)    || 0.0000   |   (0.0392)        ||
1     |  [2310/3682]    || 0.306 | (0.112)      || 6.4889 | (6.2861)    || 0.0000   |   (0.0391)        ||
1     |  [2320/3682]    || 0.055 | (0.111)      || 6.5988 | (6.2880)    || 0.0000   |   (0.0389)        ||
1     |  [2330/3682]    || 0.225 | (0.111)      || 6.9033 | (6.2897)    || 0.0000   |   (0.0387)        ||
1     |  [2340/3682]    || 0.055 | (0.111)      || 4.9320 | (6.2891)    || 0.0000   |   (0.0386)        ||
1     |  [2350/3682]    || 0.284 | (0.111)      || 6.9471 | (6.2884)    || 0.0000   |   (0.0384)        ||
1     |  [2360/3682]    || 0.054 | (0.111)      || 6.8491 | (6.2885)    || 0.0000   |   (0.0382)        ||
1     |  [2370/3682]    || 0.286 | (0.112)      || 7.3859 | (6.2903)    || 0.0000   |   (0.0381)        ||
1     |  [2380/3682]    || 0.054 | (0.111)      || 6.0813 | (6.2925)    || 0.0000   |   (0.0379)        ||
1     |  [2390/3682]    || 0.267 | (0.112)      || 6.4260 | (6.2939)    || 0.0000   |   (0.0378)        ||
1     |  [2400/3682]    || 0.054 | (0.112)      || 5.9518 | (6.2953)    || 0.0000   |   (0.0376)        ||
1     |  [2410/3682]    || 0.311 | (0.112)      || 6.0446 | (6.2964)    || 0.0000   |   (0.0375)        ||
1     |  [2420/3682]    || 0.054 | (0.112)      || 5.3304 | (6.2973)    || 0.0000   |   (0.0373)        ||
1     |  [2430/3682]    || 0.275 | (0.112)      || 7.0992 | (6.2962)    || 0.0000   |   (0.0371)        ||
1     |  [2440/3682]    || 0.054 | (0.112)      || 5.3274 | (6.2969)    || 0.0000   |   (0.0370)        ||
1     |  [2450/3682]    || 0.254 | (0.112)      || 7.3834 | (6.2974)    || 0.0000   |   (0.0369)        ||
1     |  [2460/3682]    || 0.055 | (0.112)      || 5.1286 | (6.2973)    || 0.0000   |   (0.0367)        ||
1     |  [2470/3682]    || 0.312 | (0.112)      || 0.0268 | (6.2784)    || 1.0000   |   (0.0393)        ||
1     |  [2480/3682]    || 0.055 | (0.112)      || 0.0001 | (6.2531)    || 1.0000   |   (0.0431)        ||
1     |  [2490/3682]    || 0.272 | (0.112)      || 0.0000 | (6.2280)    || 1.0000   |   (0.0470)        ||
1     |  [2500/3682]    || 0.054 | (0.112)      || 0.0000 | (6.2031)    || 1.0000   |   (0.0508)        ||
1     |  [2510/3682]    || 0.264 | (0.112)      || 0.0000 | (6.1784)    || 1.0000   |   (0.0546)        ||
1     |  [2520/3682]    || 0.054 | (0.112)      || 0.0000 | (6.1539)    || 1.0000   |   (0.0583)        ||
1     |  [2530/3682]    || 0.263 | (0.112)      || 0.0000 | (6.1296)    || 1.0000   |   (0.0620)        ||
1     |  [2540/3682]    || 0.056 | (0.112)      || 0.0000 | (6.1054)    || 1.0000   |   (0.0657)        ||
1     |  [2550/3682]    || 0.252 | (0.112)      || 0.0000 | (6.0815)    || 1.0000   |   (0.0694)        ||
1     |  [2560/3682]    || 0.055 | (0.112)      || 7.4232 | (6.0901)    || 0.0000   |   (0.0703)        ||
1     |  [2570/3682]    || 0.207 | (0.112)      || 4.3769 | (6.0903)    || 0.0000   |   (0.0701)        ||
1     |  [2580/3682]    || 0.054 | (0.112)      || 10.1648 | (6.0743)   || 0.1220   |   (0.0721)        ||
1     |  [2590/3682]    || 0.198 | (0.112)      || 6.7003 | (6.0880)    || 0.0000   |   (0.0719)        ||
1     |  [2600/3682]    || 0.054 | (0.112)      || 6.9205 | (6.0907)    || 0.0000   |   (0.0716)        ||
1     |  [2610/3682]    || 0.157 | (0.112)      || 5.2668 | (6.0917)    || 0.0000   |   (0.0713)        ||
1     |  [2620/3682]    || 0.056 | (0.112)      || 6.8356 | (6.0942)    || 0.0000   |   (0.0710)        ||
1     |  [2630/3682]    || 0.114 | (0.112)      || 7.1614 | (6.0955)    || 0.0000   |   (0.0708)        ||
1     |  [2640/3682]    || 0.056 | (0.112)      || 8.1922 | (6.0941)    || 0.0000   |   (0.0705)        ||
1     |  [2650/3682]    || 0.074 | (0.112)      || 6.2131 | (6.0943)    || 0.0000   |   (0.0702)        ||
1     |  [2660/3682]    || 0.054 | (0.112)      || 6.7985 | (6.0971)    || 0.0000   |   (0.0700)        ||
1     |  [2670/3682]    || 0.082 | (0.112)      || 6.2956 | (6.0984)    || 0.0000   |   (0.0697)        ||
1     |  [2680/3682]    || 0.054 | (0.112)      || 7.5819 | (6.1012)    || 0.0000   |   (0.0694)        ||
1     |  [2690/3682]    || 0.097 | (0.112)      || 7.0696 | (6.1040)    || 0.0000   |   (0.0692)        ||
1     |  [2700/3682]    || 0.054 | (0.112)      || 6.2626 | (6.1050)    || 0.0000   |   (0.0689)        ||
1     |  [2710/3682]    || 0.148 | (0.112)      || 4.1369 | (6.1049)    || 0.0000   |   (0.0687)        ||
1     |  [2720/3682]    || 0.054 | (0.112)      || 7.0772 | (6.1071)    || 0.0000   |   (0.0685)        ||
1     |  [2730/3682]    || 0.093 | (0.112)      || 4.4895 | (6.1078)    || 0.0000   |   (0.0682)        ||
1     |  [2740/3682]    || 0.054 | (0.112)      || 9.9396 | (6.0930)    || 0.1048   |   (0.0710)        ||
1     |  [2750/3682]    || 0.084 | (0.112)      || 6.6056 | (6.1014)    || 0.0000   |   (0.0708)        ||
1     |  [2760/3682]    || 0.054 | (0.112)      || 7.2526 | (6.1029)    || 0.0000   |   (0.0705)        ||
1     |  [2770/3682]    || 0.072 | (0.112)      || 7.5085 | (6.1023)    || 0.0000   |   (0.0703)        ||
1     |  [2780/3682]    || 0.054 | (0.112)      || 6.6481 | (6.1058)    || 0.0000   |   (0.0700)        ||
1     |  [2790/3682]    || 0.057 | (0.112)      || 6.6906 | (6.1079)    || 0.0000   |   (0.0697)        ||
1     |  [2800/3682]    || 0.054 | (0.112)      || 6.3118 | (6.1103)    || 0.0000   |   (0.0695)        ||
1     |  [2810/3682]    || 0.057 | (0.112)      || 6.7753 | (6.1120)    || 0.0000   |   (0.0693)        ||
1     |  [2820/3682]    || 0.055 | (0.112)      || 6.5976 | (6.1145)    || 0.0000   |   (0.0690)        ||
1     |  [2830/3682]    || 0.054 | (0.112)      || 5.7795 | (6.1156)    || 0.0000   |   (0.0688)        ||
1     |  [2840/3682]    || 0.053 | (0.112)      || 7.0143 | (6.1176)    || 0.0000   |   (0.0685)        ||
1     |  [2850/3682]    || 0.053 | (0.112)      || 6.5625 | (6.1198)    || 0.0000   |   (0.0683)        ||
1     |  [2860/3682]    || 0.053 | (0.112)      || 7.4381 | (6.1211)    || 0.0000   |   (0.0680)        ||
1     |  [2870/3682]    || 0.055 | (0.112)      || 6.7846 | (6.1236)    || 0.0000   |   (0.0678)        ||
1     |  [2880/3682]    || 0.053 | (0.112)      || 0.3997 | (6.1138)    || 1.0000   |   (0.0693)        ||
1     |  [2890/3682]    || 0.055 | (0.112)      || 7.2805 | (6.1201)    || 0.0000   |   (0.0695)        ||
1     |  [2900/3682]    || 0.054 | (0.112)      || 5.8123 | (6.1220)    || 0.0000   |   (0.0692)        ||
1     |  [2910/3682]    || 0.053 | (0.112)      || 7.1402 | (6.1235)    || 0.0000   |   (0.0690)        ||
1     |  [2920/3682]    || 0.054 | (0.112)      || 4.5007 | (6.1187)    || 0.2067   |   (0.0691)        ||
1     |  [2930/3682]    || 0.055 | (0.112)      || 6.7865 | (6.1229)    || 0.0000   |   (0.0689)        ||
1     |  [2940/3682]    || 0.054 | (0.112)      || 7.0954 | (6.1233)    || 0.0000   |   (0.0686)        ||
1     |  [2950/3682]    || 0.053 | (0.112)      || 6.7988 | (6.1243)    || 0.0000   |   (0.0684)        ||
1     |  [2960/3682]    || 0.053 | (0.112)      || 6.8395 | (6.1268)    || 0.0000   |   (0.0682)        ||
1     |  [2970/3682]    || 0.053 | (0.112)      || 6.7393 | (6.1290)    || 0.0000   |   (0.0679)        ||
1     |  [2980/3682]    || 0.053 | (0.112)      || 6.7999 | (6.1310)    || 0.0000   |   (0.0677)        ||
1     |  [2990/3682]    || 0.054 | (0.112)      || 2.4077 | (6.1282)    || 0.5558   |   (0.0677)        ||
1     |  [3000/3682]    || 0.053 | (0.112)      || 7.8282 | (6.1284)    || 0.0000   |   (0.0681)        ||
1     |  [3010/3682]    || 0.053 | (0.112)      || 6.6665 | (6.1308)    || 0.0000   |   (0.0679)        ||
1     |  [3020/3682]    || 0.054 | (0.112)      || 7.3456 | (6.1326)    || 0.0000   |   (0.0676)        ||
1     |  [3030/3682]    || 0.055 | (0.112)      || 6.0861 | (6.1351)    || 0.0000   |   (0.0674)        ||
1     |  [3040/3682]    || 0.054 | (0.112)      || 0.6849 | (6.1290)    || 1.0000   |   (0.0682)        ||
1     |  [3050/3682]    || 0.055 | (0.112)      || 5.9756 | (6.1293)    || 0.0000   |   (0.0692)        ||
1     |  [3060/3682]    || 0.053 | (0.112)      || 6.9183 | (6.1336)    || 0.0000   |   (0.0689)        ||
1     |  [3070/3682]    || 0.054 | (0.112)      || 6.9697 | (6.1358)    || 0.0000   |   (0.0687)        ||
1     |  [3080/3682]    || 0.055 | (0.112)      || 7.0401 | (6.1376)    || 0.0000   |   (0.0685)        ||
1     |  [3090/3682]    || 0.055 | (0.112)      || 6.0763 | (6.1390)    || 0.0000   |   (0.0683)        ||
1     |  [3100/3682]    || 0.054 | (0.112)      || 7.4496 | (6.1394)    || 0.0000   |   (0.0680)        ||
1     |  [3110/3682]    || 0.055 | (0.112)      || 6.0776 | (6.1405)    || 0.0000   |   (0.0678)        ||
1     |  [3120/3682]    || 0.054 | (0.112)      || 7.1059 | (6.1414)    || 0.0000   |   (0.0676)        ||
1     |  [3130/3682]    || 0.055 | (0.112)      || 8.1417 | (6.1369)    || 0.0000   |   (0.0682)        ||
1     |  [3140/3682]    || 0.054 | (0.112)      || 7.3259 | (6.1419)    || 0.0000   |   (0.0680)        ||
1     |  [3150/3682]    || 0.055 | (0.112)      || 7.2197 | (6.1432)    || 0.0000   |   (0.0678)        ||
1     |  [3160/3682]    || 0.054 | (0.112)      || 6.0469 | (6.1450)    || 0.0000   |   (0.0675)        ||
1     |  [3170/3682]    || 0.055 | (0.112)      || 6.9676 | (6.1471)    || 0.0000   |   (0.0673)        ||
1     |  [3180/3682]    || 0.054 | (0.112)      || 4.0057 | (6.1470)    || 0.0025   |   (0.0671)        ||
1     |  [3190/3682]    || 0.054 | (0.112)      || 10.5733 | (6.1441)   || 0.0000   |   (0.0685)        ||
1     |  [3200/3682]    || 0.055 | (0.112)      || 3.5690 | (6.1452)    || 1.0000   |   (0.0686)        ||
1     |  [3210/3682]    || 0.054 | (0.112)      || 9.9558 | (6.1417)    || 0.0000   |   (0.0701)        ||
1     |  [3220/3682]    || 0.055 | (0.112)      || 7.1976 | (6.1442)    || 0.0000   |   (0.0699)        ||
1     |  [3230/3682]    || 0.055 | (0.112)      || 7.0095 | (6.1452)    || 0.0000   |   (0.0697)        ||
1     |  [3240/3682]    || 0.054 | (0.112)      || 0.1550 | (6.1358)    || 1.0000   |   (0.0704)        ||
1     |  [3250/3682]    || 0.054 | (0.112)      || 7.5658 | (6.1364)    || 0.0000   |   (0.0715)        ||
1     |  [3260/3682]    || 0.055 | (0.112)      || 7.1042 | (6.1379)    || 0.0000   |   (0.0713)        ||
1     |  [3270/3682]    || 0.055 | (0.112)      || 6.7400 | (6.1394)    || 0.0000   |   (0.0711)        ||
1     |  [3280/3682]    || 0.054 | (0.112)      || 7.4132 | (6.1406)    || 0.0000   |   (0.0709)        ||
1     |  [3290/3682]    || 0.054 | (0.112)      || 4.6074 | (6.1408)    || 0.0000   |   (0.0707)        ||
1     |  [3300/3682]    || 0.054 | (0.112)      || 6.4190 | (6.1432)    || 0.0000   |   (0.0705)        ||
1     |  [3310/3682]    || 0.054 | (0.112)      || 6.7425 | (6.1452)    || 0.0000   |   (0.0703)        ||
1     |  [3320/3682]    || 0.054 | (0.112)      || 7.0820 | (6.1473)    || 0.0000   |   (0.0701)        ||
1     |  [3330/3682]    || 0.054 | (0.112)      || 7.1927 | (6.1491)    || 0.0000   |   (0.0698)        ||
1     |  [3340/3682]    || 0.054 | (0.112)      || 6.6951 | (6.1504)    || 0.0000   |   (0.0696)        ||
1     |  [3350/3682]    || 0.054 | (0.112)      || 6.8216 | (6.1522)    || 0.0000   |   (0.0694)        ||
1     |  [3360/3682]    || 0.054 | (0.112)      || 7.1540 | (6.1545)    || 0.0000   |   (0.0692)        ||
1     |  [3370/3682]    || 0.054 | (0.112)      || 7.3689 | (6.1559)    || 0.0000   |   (0.0690)        ||
1     |  [3380/3682]    || 0.054 | (0.112)      || 2.0455 | (6.1532)    || 0.8068   |   (0.0691)        ||
1     |  [3390/3682]    || 0.054 | (0.112)      || 7.1634 | (6.1545)    || 0.0000   |   (0.0697)        ||
1     |  [3400/3682]    || 0.054 | (0.112)      || 6.9539 | (6.1558)    || 0.0000   |   (0.0695)        ||
1     |  [3410/3682]    || 0.054 | (0.112)      || 7.9900 | (6.1542)    || 0.0000   |   (0.0692)        ||
1     |  [3420/3682]    || 0.054 | (0.112)      || 7.2426 | (6.1525)    || 0.0000   |   (0.0692)        ||
1     |  [3430/3682]    || 0.054 | (0.112)      || 6.6927 | (6.1546)    || 0.0000   |   (0.0690)        ||
1     |  [3440/3682]    || 0.054 | (0.112)      || 3.3594 | (6.1538)    || 0.0000   |   (0.0688)        ||
1     |  [3450/3682]    || 0.054 | (0.112)      || 7.0087 | (6.1550)    || 0.0000   |   (0.0691)        ||
1     |  [3460/3682]    || 0.054 | (0.112)      || 5.9697 | (6.1549)    || 0.0000   |   (0.0690)        ||
1     |  [3470/3682]    || 0.054 | (0.112)      || 5.2413 | (6.1524)    || 0.1857   |   (0.0690)        ||
1     |  [3480/3682]    || 0.054 | (0.112)      || 6.6097 | (6.1565)    || 0.0000   |   (0.0688)        ||
1     |  [3490/3682]    || 0.054 | (0.112)      || 7.0406 | (6.1579)    || 0.0000   |   (0.0686)        ||
1     |  [3500/3682]    || 0.054 | (0.112)      || 4.6238 | (6.1587)    || 0.0000   |   (0.0684)        ||
1     |  [3510/3682]    || 0.054 | (0.112)      || 7.0113 | (6.1591)    || 0.0000   |   (0.0685)        ||
1     |  [3520/3682]    || 0.054 | (0.112)      || 6.5911 | (6.1602)    || 0.0000   |   (0.0683)        ||
1     |  [3530/3682]    || 0.054 | (0.112)      || 7.5649 | (6.1632)    || 0.0000   |   (0.0681)        ||
1     |  [3540/3682]    || 0.054 | (0.112)      || 7.3424 | (6.1644)    || 0.0000   |   (0.0679)        ||
1     |  [3550/3682]    || 0.054 | (0.112)      || 6.3756 | (6.1666)    || 0.0000   |   (0.0677)        ||
1     |  [3560/3682]    || 0.054 | (0.112)      || 0.2414 | (6.1574)    || 1.0000   |   (0.0688)        ||
1     |  [3570/3682]    || 0.054 | (0.112)      || 7.1972 | (6.1623)    || 0.0000   |   (0.0693)        ||
1     |  [3580/3682]    || 0.054 | (0.112)      || 6.7935 | (6.1632)    || 0.0000   |   (0.0691)        ||
1     |  [3590/3682]    || 0.055 | (0.112)      || 7.2624 | (6.1658)    || 0.0000   |   (0.0690)        ||
1     |  [3600/3682]    || 0.054 | (0.112)      || 6.8159 | (6.1683)    || 0.0000   |   (0.0688)        ||
1     |  [3610/3682]    || 0.055 | (0.112)      || 6.8472 | (6.1706)    || 0.0000   |   (0.0686)        ||
1     |  [3620/3682]    || 0.055 | (0.112)      || 6.7362 | (6.1706)    || 0.0000   |   (0.0684)        ||
1     |  [3630/3682]    || 0.055 | (0.112)      || 6.8445 | (6.1720)    || 0.0000   |   (0.0682)        ||
1     |  [3640/3682]    || 0.054 | (0.112)      || 7.1779 | (6.1744)    || 0.0000   |   (0.0680)        ||
1     |  [3650/3682]    || 0.055 | (0.112)      || 7.3238 | (6.1761)    || 0.0000   |   (0.0678)        ||
1     |  [3660/3682]    || 0.053 | (0.112)      || 7.0195 | (6.1785)    || 0.0000   |   (0.0676)        ||
1     |  [3670/3682]    || 0.053 | (0.112)      || 7.5848 | (6.1789)    || 0.0000   |   (0.0675)        ||
1     |  [3680/3682]    || 0.039 | (0.112)      || 6.6777 | (6.1805)    || 0.0000   |   (0.0673)        ||
 * average GAP on train 0.0672
