Docker-yuvalsnir@ef.technion.ac.il@visl-184u:/data/yuvalsnir@ef.technion.ac.il$ python baseline.py
classes with at least N samples: 890
train_df (235709, 2)
test_df (117577, 3)
test_df after filtering (117577, 3)
found classes 890
Loaded pretrained weights for efficientnet-b0
--------------------------------------------------
epoch 1
total batches: 3682

epoch    batch             time    (avg time)        loss   (avg loss)    GAP score   (avg score)              lr
-----------------------------------------------------------------------------------------------------------------
1     |  [0/3682]       || 0.729 | (0.729)      || 6.9332 | (6.9332)    || 0.0000   |   (0.0000)        ||0.000999999818181677
1     |  [10/3682]      || 0.056 | (0.157)      || 6.8719 | (6.8715)    || 0.0000   |   (0.0001)        ||0.0009999780001430834
1     |  [20/3682]      || 0.244 | (0.140)      || 6.8312 | (6.8365)    || 0.0000   |   (0.0001)        ||0.0009999198202598838
1     |  [30/3682]      || 0.056 | (0.125)      || 6.7823 | (6.8286)    || 0.0000   |   (0.0001)        ||0.0009998252827675563
1     |  [40/3682]      || 0.260 | (0.123)      || 6.8199 | (6.8065)    || 0.0000   |   (0.0001)        ||0.0009996943945484
1     |  [50/3682]      || 0.056 | (0.119)      || 6.8220 | (6.8118)    || 0.0000   |   (0.0000)        ||0.0009995271651310376
1     |  [60/3682]      || 0.266 | (0.119)      || 6.8329 | (6.8123)    || 0.0000   |   (0.0000)        ||0.0009993236066897194
1     |  [70/3682]      || 0.057 | (0.116)      || 6.8214 | (6.8153)    || 0.0000   |   (0.0001)        ||0.000999083734043437
1     |  [80/3682]      || 0.317 | (0.118)      || 6.8793 | (6.8142)    || 0.0000   |   (0.0001)        ||0.0009988075646548452
1     |  [90/3682]      || 0.057 | (0.115)      || 6.7249 | (6.8111)    || 0.0005   |   (0.0001)        ||0.0009984951186289904
1     |  [100/3682]     || 0.276 | (0.116)      || 6.6314 | (6.8030)    || 0.0000   |   (0.0001)        ||0.0009981464187118474
1     |  [110/3682]     || 0.056 | (0.115)      || 6.8154 | (6.8040)    || 0.0004   |   (0.0001)        ||0.0009977614902886623
1     |  [120/3682]     || 0.286 | (0.116)      || 6.7473 | (6.8006)    || 0.0003   |   (0.0001)        ||0.0009973403613821059
1     |  [130/3682]     || 0.056 | (0.114)      || 6.8692 | (6.8029)    || 0.0000   |   (0.0000)        ||0.000996883062650233
1     |  [140/3682]     || 0.242 | (0.114)      || 6.8023 | (6.8011)    || 0.0000   |   (0.0000)        ||0.0009963896273842503
1     |  [150/3682]     || 0.056 | (0.113)      || 6.7483 | (6.8027)    || 0.0000   |   (0.0000)        ||0.000995860091506094
1     |  [160/3682]     || 0.268 | (0.114)      || 6.8641 | (6.7816)    || 0.0000   |   (0.0002)        ||0.0009952944935658118
1     |  [170/3682]     || 0.056 | (0.113)      || 6.7345 | (6.7838)    || 0.0000   |   (0.0002)        ||0.0009946928747387603
1     |  [180/3682]     || 0.279 | (0.114)      || 6.0061 | (6.7618)    || 0.0004   |   (0.0002)        ||0.0009940552788226045
1     |  [190/3682]     || 0.056 | (0.113)      || 6.7187 | (6.7596)    || 0.0000   |   (0.0002)        ||0.000993381752234131
1     |  [200/3682]     || 0.289 | (0.113)      || 6.8188 | (6.7641)    || 0.0000   |   (0.0002)        ||0.0009926723440058683
1     |  [210/3682]     || 0.055 | (0.113)      || 6.8426 | (6.7660)    || 0.0000   |   (0.0001)        ||0.0009919271057825167
1     |  [220/3682]     || 0.247 | (0.113)      || 6.9329 | (6.7687)    || 0.0000   |   (0.0001)        ||0.0009911460918171897
1     |  [230/3682]     || 0.055 | (0.112)      || 6.6030 | (6.7708)    || 0.0000   |   (0.0001)        ||0.0009903293589674628
1     |  [240/3682]     || 0.279 | (0.113)      || 6.8549 | (6.7530)    || 0.0000   |   (0.0001)        ||0.0009894769666912364
1     |  [250/3682]     || 0.055 | (0.112)      || 6.5633 | (6.7548)    || 0.0000   |   (0.0001)        ||0.0009885889770424054
1     |  [260/3682]     || 0.279 | (0.113)      || 6.7801 | (6.7570)    || 0.0000   |   (0.0001)        ||0.0009876654546663434
1     |  [270/3682]     || 0.055 | (0.113)      || 7.0223 | (6.7621)    || 0.0000   |   (0.0001)        ||0.0009867064667951942
1     |  [280/3682]     || 0.259 | (0.113)      || 6.8753 | (6.7643)    || 0.0000   |   (0.0001)        ||0.0009857120832429801
1     |  [290/3682]     || 0.055 | (0.112)      || 6.8704 | (6.7679)    || 0.0000   |   (0.0001)        ||0.0009846823764005175
1     |  [300/3682]     || 0.269 | (0.113)      || 6.4610 | (6.7681)    || 0.0000   |   (0.0001)        ||0.0009836174212301467
1     |  [310/3682]     || 0.055 | (0.112)      || 6.8930 | (6.7662)    || 0.0000   |   (0.0001)        ||0.0009825172952602778
1     |  [320/3682]     || 0.287 | (0.113)      || 6.2412 | (6.7617)    || 0.0000   |   (0.0001)        ||0.0009813820785797413
1     |  [330/3682]     || 0.055 | (0.112)      || 6.9871 | (6.7382)    || 0.0000   |   (0.0001)        ||0.0009802118538319627
1     |  [340/3682]     || 0.282 | (0.113)      || 5.5530 | (6.7266)    || 0.0000   |   (0.0001)        ||0.0009790067062089422
1     |  [350/3682]     || 0.055 | (0.112)      || 3.1120 | (6.6560)    || 0.0874   |   (0.0004)        ||0.0009777667234450568
1     |  [360/3682]     || 0.315 | (0.113)      || 8.4472 | (6.5770)    || 0.0000   |   (0.0167)        ||0.0009764919958106691
1     |  [370/3682]     || 0.056 | (0.112)      || 7.3343 | (6.6227)    || 0.0000   |   (0.0163)        ||0.0009751826161055586
1     |  [380/3682]     || 0.292 | (0.112)      || 6.9594 | (6.6385)    || 0.0000   |   (0.0158)        ||0.0009738386796521649
1     |  [390/3682]     || 0.055 | (0.112)      || 6.6761 | (6.6431)    || 0.0000   |   (0.0154)        ||0.0009724602842886477
1     |  [400/3682]     || 0.310 | (0.112)      || 6.8991 | (6.6484)    || 0.0000   |   (0.0151)        ||0.0009710475303617653
1     |  [410/3682]     || 0.055 | (0.112)      || 6.8765 | (6.6532)    || 0.0000   |   (0.0147)        ||0.0009696005207195683
1     |  [420/3682]     || 0.310 | (0.112)      || 6.8919 | (6.6571)    || 0.0000   |   (0.0143)        ||0.000968119360703913
1     |  [430/3682]     || 0.055 | (0.112)      || 6.3753 | (6.6528)    || 0.0632   |   (0.0142)        ||0.0009666041581427924
1     |  [440/3682]     || 0.254 | (0.112)      || 6.6839 | (6.6542)    || 0.0000   |   (0.0139)        ||0.0009650550233424868
1     |  [450/3682]     || 0.055 | (0.112)      || 6.7046 | (6.6559)    || 0.0000   |   (0.0136)        ||0.0009634720690795323
1     |  [460/3682]     || 0.308 | (0.112)      || 6.7056 | (6.6543)    || 0.0000   |   (0.0133)        ||0.0009618554105925118
1     |  [470/3682]     || 0.055 | (0.112)      || 6.5695 | (6.6445)    || 0.0000   |   (0.0130)        ||0.0009602051655736652
1     |  [480/3682]     || 0.254 | (0.112)      || 6.7818 | (6.6446)    || 0.0000   |   (0.0127)        ||0.0009585214541603222
1     |  [490/3682]     || 0.055 | (0.112)      || 5.5799 | (6.6421)    || 0.0000   |   (0.0125)        ||0.0009568043989261549
1     |  [500/3682]     || 0.279 | (0.112)      || 6.6958 | (6.6420)    || 0.0000   |   (0.0122)        ||0.000955054124872256
1     |  [510/3682]     || 0.055 | (0.112)      || 6.9096 | (6.6405)    || 0.0000   |   (0.0120)        ||0.0009532707594180371
1     |  [520/3682]     || 0.267 | (0.112)      || 6.8024 | (6.6364)    || 0.0000   |   (0.0118)        ||0.0009514544323919545
1     |  [530/3682]     || 0.055 | (0.112)      || 6.4601 | (6.6374)    || 0.0000   |   (0.0115)        ||0.000949605276022056
1     |  [540/3682]     || 0.284 | (0.112)      || 5.7907 | (6.6353)    || 0.0000   |   (0.0113)        ||0.0009477234249263564
1     |  [550/3682]     || 0.055 | (0.112)      || 6.6316 | (6.6362)    || 0.0000   |   (0.0111)        ||0.0009458090161030356
1     |  [560/3682]     || 0.274 | (0.112)      || 6.9685 | (6.6302)    || 0.0000   |   (0.0109)        ||0.0009438621889204662
1     |  [570/3682]     || 0.055 | (0.112)      || 6.5556 | (6.6309)    || 0.0000   |   (0.0107)        ||0.0009418830851070683
1     |  [580/3682]     || 2.097 | (0.116)      || 6.5409 | (6.6301)    || 0.0000   |   (0.0106)        ||0.0009398718487409897
1     |  [590/3682]     || 0.669 | (0.123)      || 6.8947 | (6.6330)    || 0.0000   |   (0.0104)        ||0.0009378286262396188
1     |  [600/3682]     || 2.162 | (0.132)      || 6.5224 | (6.6342)    || 0.0000   |   (0.0102)        ||0.0009357535663489244
1     |  [610/3682]     || 0.860 | (0.139)      || 6.7266 | (6.6336)    || 0.0000   |   (0.0100)        ||0.0009336468201326274
1     |  [620/3682]     || 1.034 | (0.147)      || 6.8787 | (6.6365)    || 0.0000   |   (0.0099)        ||0.0009315085409612036
1     |  [630/3682]     || 0.710 | (0.154)      || 6.7738 | (6.6384)    || 0.0000   |   (0.0097)        ||0.0009293388845007185
1     |  [640/3682]     || 1.512 | (0.161)      || 6.4863 | (6.6404)    || 0.0000   |   (0.0096)        ||0.0009271380087014943
1     |  [650/3682]     || 0.108 | (0.166)      || 4.2424 | (6.6105)    || 0.3941   |   (0.0133)        ||0.0009249060737866112
1     |  [660/3682]     || 1.447 | (0.173)      || 7.3387 | (6.6223)    || 0.0000   |   (0.0131)        ||0.0009226432422402439
1     |  [670/3682]     || 0.055 | (0.180)      || 5.5942 | (6.6221)    || 0.0000   |   (0.0129)        ||0.000920349678795832
1     |  [680/3682]     || 0.835 | (0.186)      || 6.0114 | (6.6016)    || 0.0000   |   (0.0151)        ||0.0009180255504240882
1     |  [690/3682]     || 0.047 | (0.192)      || 6.7748 | (6.6044)    || 0.0000   |   (0.0149)        ||0.000915671026320842
1     |  [700/3682]     || 0.746 | (0.199)      || 6.7293 | (6.6034)    || 0.0000   |   (0.0147)        ||0.0009132862778947237
1     |  [710/3682]     || 0.054 | (0.206)      || 6.8789 | (6.5960)    || 0.0000   |   (0.0145)        ||0.0009108714787546842
1     |  [720/3682]     || 0.046 | (0.211)      || 4.7733 | (6.5886)    || 0.0000   |   (0.0143)        ||0.0009084268046973568
1     |  [730/3682]     || 0.045 | (0.217)      || 7.2737 | (6.5768)    || 0.0000   |   (0.0141)        ||0.0009059524336942603
1     |  [740/3682]     || 0.045 | (0.221)      || 6.3821 | (6.5806)    || 0.0000   |   (0.0139)        ||0.0009034485458788419
1     |  [750/3682]     || 0.045 | (0.228)      || 6.6678 | (6.5777)    || 0.0000   |   (0.0137)        ||0.0009009153235333637
1     |  [760/3682]     || 0.042 | (0.231)      || 2.6288 | (6.5555)    || 0.3606   |   (0.0140)        ||0.000898352951075632
1     |  [770/3682]     || 0.045 | (0.238)      || 5.8563 | (6.5564)    || 0.0000   |   (0.0147)        ||0.0008957616150455732
1     |  [780/3682]     || 0.045 | (0.241)      || 5.9715 | (6.5508)    || 0.0000   |   (0.0146)        ||0.0008931415040916516
1     |  [790/3682]     || 0.045 | (0.248)      || 6.4703 | (6.5525)    || 0.0000   |   (0.0144)        ||0.0008904928089571385
1     |  [800/3682]     || 0.045 | (0.251)      || 6.6199 | (6.5535)    || 0.0000   |   (0.0142)        ||0.0008878157224662238
1     |  [810/3682]     || 0.047 | (0.256)      || 6.7335 | (6.5522)    || 0.0000   |   (0.0140)        ||0.0008851104395099799
1     |  [820/3682]     || 0.055 | (0.260)      || 6.6688 | (6.5540)    || 0.0000   |   (0.0138)        ||0.0008823771570321729
1     |  [830/3682]     || 1.466 | (0.266)      || 6.1748 | (6.5519)    || 0.0000   |   (0.0137)        ||0.0008796160740149256
1     |  [840/3682]     || 0.045 | (0.268)      || 7.4496 | (6.5302)    || 0.0000   |   (0.0144)        ||0.0008768273914642311
1     |  [850/3682]     || 0.647 | (0.274)      || 6.9285 | (6.5396)    || 0.0000   |   (0.0143)        ||0.0008740113123953206
1     |  [860/3682]     || 0.054 | (0.276)      || 6.0809 | (6.5392)    || 0.0000   |   (0.0141)        ||0.0008711680418178833
1     |  [870/3682]     || 0.566 | (0.281)      || 1.4726 | (6.5052)    || 0.9844   |   (0.0195)        ||0.0008682977867211414
1     |  [880/3682]     || 0.046 | (0.284)      || 6.6107 | (6.5172)    || 0.0000   |   (0.0193)        ||0.0008654007560587821
1     |  [890/3682]     || 0.260 | (0.288)      || 6.8430 | (6.5175)    || 0.0000   |   (0.0191)        ||0.0008624771607337457
1     |  [900/3682]     || 0.045 | (0.291)      || 2.6202 | (6.5002)    || 0.0097   |   (0.0189)        ||0.0008595272135828715
1     |  [910/3682]     || 0.397 | (0.295)      || 6.2868 | (6.5010)    || 0.0000   |   (0.0192)        ||0.0008565511293614039
1     |  [920/3682]     || 0.045 | (0.298)      || 7.1827 | (6.5034)    || 0.0000   |   (0.0190)        ||0.0008535491247273578
1     |  [930/3682]     || 0.855 | (0.302)      || 6.9432 | (6.5064)    || 0.0000   |   (0.0188)        ||0.0008505214182257462
1     |  [940/3682]     || 0.052 | (0.304)      || 5.9892 | (6.5081)    || 0.0000   |   (0.0186)        ||0.00084746823027267
1     |  [950/3682]     || 0.963 | (0.308)      || 4.8369 | (6.5044)    || 0.0000   |   (0.0184)        ||0.0008443897831392715
1     |  [960/3682]     || 0.045 | (0.310)      || 6.4715 | (6.5061)    || 0.0000   |   (0.0182)        ||0.0008412863009355546
1     |  [970/3682]     || 1.474 | (0.314)      || 7.0110 | (6.4993)    || 0.0000   |   (0.0181)        ||0.000838158009594068
1     |  [980/3682]     || 0.055 | (0.316)      || 6.5339 | (6.5023)    || 0.0000   |   (0.0179)        ||0.0008350051368534584
1     |  [990/3682]     || 1.667 | (0.320)      || 5.9873 | (6.5032)    || 0.0000   |   (0.0177)        ||0.0008318279122418894
1     |  [1000/3682]    || 0.054 | (0.323)      || 5.9997 | (6.5019)    || 0.0000   |   (0.0175)        ||0.0008286265670603356
1     |  [1010/3682]    || 0.775 | (0.325)      || 6.3110 | (6.5029)    || 0.0000   |   (0.0173)        ||0.0008254013343657395
1     |  [1020/3682]    || 0.573 | (0.329)      || 6.8620 | (6.5043)    || 0.0000   |   (0.0172)        ||0.0008221524489540485
1     |  [1030/3682]    || 0.699 | (0.331)      || 5.6225 | (6.5039)    || 0.0000   |   (0.0170)        ||0.0008188801473431201
1     |  [1040/3682]    || 0.945 | (0.334)      || 6.4343 | (6.5031)    || 0.0000   |   (0.0168)        ||0.0008155846677555042
1     |  [1050/3682]    || 0.106 | (0.336)      || 6.5103 | (6.5042)    || 0.0000   |   (0.0167)        ||0.0008122662501011001
1     |  [1060/3682]    || 1.010 | (0.340)      || 6.1198 | (6.5036)    || 0.0000   |   (0.0165)        ||0.0008089251359596903
1     |  [1070/3682]    || 0.045 | (0.341)      || 6.7222 | (6.5053)    || 0.0000   |   (0.0164)        ||0.0008055615685633561
1     |  [1080/3682]    || 1.603 | (0.344)      || 6.6396 | (6.5065)    || 0.0000   |   (0.0162)        ||0.0008021757927787681
1     |  [1090/3682]    || 0.047 | (0.346)      || 6.4196 | (6.5075)    || 0.0000   |   (0.0161)        ||0.0007987680550893612
1     |  [1100/3682]    || 2.205 | (0.349)      || 6.7100 | (6.5084)    || 0.0000   |   (0.0159)        ||0.0007953386035773892
1     |  [1110/3682]    || 0.045 | (0.350)      || 6.8995 | (6.5094)    || 0.0000   |   (0.0158)        ||0.0007918876879058665
1     |  [1120/3682]    || 1.299 | (0.353)      || 6.8514 | (6.5111)    || 0.0000   |   (0.0156)        ||0.0007884155593003916
1     |  [1130/3682]    || 0.045 | (0.355)      || 6.2461 | (6.5126)    || 0.0000   |   (0.0155)        ||0.0007849224705308575
1     |  [1140/3682]    || 0.972 | (0.357)      || 6.8251 | (6.5146)    || 0.0000   |   (0.0154)        ||0.0007814086758930508
1     |  [1150/3682]    || 0.678 | (0.360)      || 6.5989 | (6.5160)    || 0.0000   |   (0.0152)        ||0.0007778744311901396
1     |  [1160/3682]    || 0.045 | (0.361)      || 6.6533 | (6.5114)    || 0.0000   |   (0.0151)        ||0.0007743199937140495
1     |  [1170/3682]    || 1.888 | (0.364)      || 6.4940 | (6.5109)    || 0.0000   |   (0.0150)        ||0.0007707456222267347
1     |  [1180/3682]    || 0.441 | (0.366)      || 5.7557 | (6.5106)    || 0.0000   |   (0.0149)        ||0.0007671515769413385
1     |  [1190/3682]    || 1.236 | (0.368)      || 6.1119 | (6.5112)    || 0.0000   |   (0.0147)        ||0.000763538119503251
1     |  [1200/3682]    || 1.555 | (0.371)      || 6.1378 | (6.5127)    || 0.0000   |   (0.0146)        ||0.0007599055129710609
1     |  [1210/3682]    || 0.055 | (0.372)      || 6.8837 | (6.5126)    || 0.0000   |   (0.0145)        ||0.0007562540217974055
1     |  [1220/3682]    || 1.869 | (0.375)      || 6.0614 | (6.5137)    || 0.0000   |   (0.0144)        ||0.0007525839118097173
1     |  [1230/3682]    || 0.052 | (0.376)      || 6.5369 | (6.5146)    || 0.0000   |   (0.0142)        ||0.0007488954501908738
1     |  [1240/3682]    || 0.698 | (0.378)      || 6.0968 | (6.5150)    || 0.0000   |   (0.0141)        ||0.000745188905459745
1     |  [1250/3682]    || 0.629 | (0.380)      || 6.6704 | (6.5147)    || 0.0000   |   (0.0140)        ||0.0007414645474516456
1     |  [1260/3682]    || 0.470 | (0.381)      || 6.4590 | (6.5126)    || 0.0000   |   (0.0139)        ||0.000737722647298692
1     |  [1270/3682]    || 0.169 | (0.384)      || 7.0262 | (6.5083)    || 0.0000   |   (0.0138)        ||0.0007339634774100631
1     |  [1280/3682]    || 0.045 | (0.386)      || 6.2623 | (6.5100)    || 0.0000   |   (0.0137)        ||0.0007301873114521695
1     |  [1290/3682]    || 0.664 | (0.388)      || 6.3352 | (6.5100)    || 0.0000   |   (0.0136)        ||0.0007263944243287293
1     |  [1300/3682]    || 0.054 | (0.389)      || 4.3379 | (6.5037)    || 0.0000   |   (0.0135)        ||0.000722585092160758
1     |  [1310/3682]    || 0.438 | (0.391)      || 6.8246 | (6.5054)    || 0.0000   |   (0.0134)        ||0.0007187595922664641
1     |  [1320/3682]    || 0.044 | (0.392)      || 6.6432 | (6.5069)    || 0.0000   |   (0.0133)        ||0.0007149182031410617
1     |  [1330/3682]    || 0.939 | (0.395)      || 6.4998 | (6.5048)    || 0.0000   |   (0.0132)        ||0.0007110612044364968
1     |  [1340/3682]    || 0.044 | (0.396)      || 5.2140 | (6.5041)    || 0.0000   |   (0.0131)        ||0.0007071888769410866
1     |  [1350/3682]    || 1.782 | (0.398)      || 6.8673 | (6.4986)    || 0.0000   |   (0.0130)        ||0.0007033015025590812
1     |  [1360/3682]    || 0.049 | (0.398)      || 6.8219 | (6.5011)    || 0.0000   |   (0.0129)        ||0.0006993993642901378
1     |  [1370/3682]    || 2.118 | (0.401)      || 6.5082 | (6.5017)    || 0.0000   |   (0.0128)        ||0.0006954827462087219
1     |  [1380/3682]    || 0.046 | (0.402)      || 5.7039 | (6.5003)    || 0.0000   |   (0.0127)        ||0.0006915519334434228
1     |  [1390/3682]    || 1.669 | (0.404)      || 6.6897 | (6.4967)    || 0.0000   |   (0.0126)        ||0.0006876072121561995
1     |  [1400/3682]    || 0.045 | (0.404)      || 6.9121 | (6.4955)    || 0.0000   |   (0.0125)        ||0.0006836488695215473
1     |  [1410/3682]    || 0.666 | (0.405)      || 6.7998 | (6.4976)    || 0.0000   |   (0.0124)        ||0.0006796771937055912
1     |  [1420/3682]    || 0.045 | (0.407)      || 6.5175 | (6.4992)    || 0.0000   |   (0.0123)        ||0.000675692473845107
1     |  [1430/3682]    || 0.179 | (0.408)      || 6.7848 | (6.5007)    || 0.0000   |   (0.0123)        ||0.0006716950000264741
1     |  [1440/3682]    || 0.045 | (0.409)      || 6.7303 | (6.5011)    || 0.0000   |   (0.0122)        ||0.0006676850632645553
1     |  [1450/3682]    || 0.049 | (0.411)      || 4.7786 | (6.4986)    || 0.0000   |   (0.0121)        ||0.0006636629554815121
1     |  [1460/3682]    || 0.051 | (0.413)      || 0.1771 | (6.4670)    || 1.0000   |   (0.0175)        ||0.0006596289694855529
1     |  [1470/3682]    || 0.046 | (0.413)      || 0.0039 | (6.4233)    || 1.0000   |   (0.0242)        ||0.0006555833989496155
1     |  [1480/3682]    || 0.050 | (0.416)      || 7.2163 | (6.4396)    || 0.0000   |   (0.0242)        ||0.0006515265383899895
1     |  [1490/3682]    || 0.045 | (0.416)      || 6.9122 | (6.4423)    || 0.0000   |   (0.0240)        ||0.0006474586831448744
1     |  [1500/3682]    || 0.045 | (0.418)      || 6.9952 | (6.4433)    || 0.0000   |   (0.0239)        ||0.0006433801293528794
1     |  [1510/3682]    || 0.043 | (0.419)      || 5.8223 | (6.4402)    || 0.0000   |   (0.0237)        ||0.0006392911739314647
1     |  [1520/3682]    || 0.044 | (0.421)      || 6.8988 | (6.4426)    || 0.0000   |   (0.0236)        ||0.0006351921145553256
1     |  [1530/3682]    || 0.044 | (0.422)      || 6.5721 | (6.4448)    || 0.0000   |   (0.0234)        ||0.0006310832496347227
1     |  [1540/3682]    || 0.560 | (0.423)      || 5.3894 | (6.4444)    || 0.0000   |   (0.0232)        ||0.0006269648782937569
1     |  [1550/3682]    || 0.054 | (0.424)      || 6.1605 | (6.4454)    || 0.0000   |   (0.0231)        ||0.0006228373003485934
1     |  [1560/3682]    || 1.396 | (0.426)      || 6.7465 | (6.4465)    || 0.0000   |   (0.0229)        ||0.0006187008162856361
1     |  [1570/3682]    || 0.054 | (0.427)      || 6.3370 | (6.4469)    || 0.0000   |   (0.0228)        ||0.0006145557272396508
1     |  [1580/3682]    || 0.559 | (0.429)      || 6.7596 | (6.4484)    || 0.0000   |   (0.0227)        ||0.0006104023349718436
1     |  [1590/3682]    || 0.045 | (0.429)      || 6.5902 | (6.4479)    || 0.0000   |   (0.0225)        ||0.0006062409418478926
1     |  [1600/3682]    || 0.045 | (0.431)      || 6.8412 | (6.4483)    || 0.0000   |   (0.0224)        ||0.0006020718508159362
1     |  [1610/3682]    || 0.043 | (0.432)      || 6.5068 | (6.4484)    || 0.0000   |   (0.0222)        ||0.0005978953653845175
1     |  [1620/3682]    || 0.045 | (0.433)      || 6.5328 | (6.4482)    || 0.0000   |   (0.0221)        ||0.0005937117896004898
1     |  [1630/3682]    || 0.045 | (0.434)      || 6.7918 | (6.4502)    || 0.0000   |   (0.0220)        ||0.0005895214280268818
1     |  [1640/3682]    || 0.045 | (0.436)      || 6.8260 | (6.4517)    || 0.0000   |   (0.0218)        ||0.0005853245857207257
1     |  [1650/3682]    || 0.055 | (0.436)      || 6.6787 | (6.4526)    || 0.0000   |   (0.0217)        ||0.0005811215682108493
1     |  [1660/3682]    || 0.056 | (0.435)      || 6.8025 | (6.4537)    || 0.0000   |   (0.0216)        ||0.000576912681475633
1     |  [1670/3682]    || 0.055 | (0.433)      || 6.6916 | (6.4552)    || 0.0000   |   (0.0214)        ||0.000572698231920735
1     |  [1680/3682]    || 0.054 | (0.431)      || 5.7691 | (6.4561)    || 0.0000   |   (0.0213)        ||0.000568478526356785
1     |  [1690/3682]    || 0.054 | (0.429)      || 6.6178 | (6.4574)    || 0.0000   |   (0.0212)        ||0.0005642538719770489
1     |  [1700/3682]    || 0.054 | (0.427)      || 6.4026 | (6.4584)    || 0.0000   |   (0.0211)        ||0.0005600245763350647
1     |  [1710/3682]    || 0.054 | (0.425)      || 5.1269 | (6.4576)    || 0.0000   |   (0.0209)        ||0.0005557909473222526
1     |  [1720/3682]    || 0.054 | (0.424)      || 6.6646 | (6.4587)    || 0.0000   |   (0.0208)        ||0.0005515532931455012
1     |  [1730/3682]    || 0.055 | (0.422)      || 6.7519 | (6.4595)    || 0.0000   |   (0.0207)        ||0.0005473119223047296
1     |  [1740/3682]    || 0.054 | (0.420)      || 6.8574 | (6.4606)    || 0.0000   |   (0.0206)        ||0.0005430671435704291
1     |  [1750/3682]    || 0.055 | (0.418)      || 6.4467 | (6.4573)    || 0.0000   |   (0.0205)        ||0.0005388192659611843
1     |  [1760/3682]    || 0.055 | (0.416)      || 6.9744 | (6.4585)    || 0.0000   |   (0.0203)        ||0.0005345685987211775
1     |  [1770/3682]    || 0.054 | (0.415)      || 6.6251 | (6.4602)    || 0.0000   |   (0.0202)        ||0.0005303154512976743
1     |  [1780/3682]    || 0.055 | (0.413)      || 6.7499 | (6.4603)    || 0.0000   |   (0.0201)        ||0.000526060133318498
1     |  [1790/3682]    || 0.054 | (0.411)      || 6.7563 | (6.4611)    || 0.0000   |   (0.0200)        ||0.0005218029545694865
1     |  [1800/3682]    || 0.055 | (0.410)      || 5.5050 | (6.4606)    || 0.0000   |   (0.0199)        ||0.0005175442249719421
1     |  [1810/3682]    || 0.055 | (0.408)      || 6.8492 | (6.4616)    || 0.0000   |   (0.0198)        ||0.0005132842545600686
1     |  [1820/3682]    || 0.054 | (0.406)      || 6.8077 | (6.4627)    || 0.0000   |   (0.0197)        ||0.0005090233534583995
1     |  [1830/3682]    || 0.055 | (0.405)      || 6.8688 | (6.4636)    || 0.0000   |   (0.0196)        ||0.0005047618318592232
1     |  [1840/3682]    || 0.055 | (0.403)      || 7.0729 | (6.4642)    || 0.0000   |   (0.0195)        ||0.0005005
1     |  [1850/3682]    || 0.055 | (0.402)      || 6.4904 | (6.4651)    || 0.0000   |   (0.0194)        ||0.0004962381681407768
1     |  [1860/3682]    || 0.055 | (0.400)      || 5.1752 | (6.4641)    || 0.0000   |   (0.0192)        ||0.0004919766465416006
1     |  [1870/3682]    || 0.056 | (0.398)      || 6.5843 | (6.4630)    || 0.0000   |   (0.0191)        ||0.00048771574543993157
1     |  [1880/3682]    || 0.056 | (0.397)      || 6.6744 | (6.4621)    || 0.0000   |   (0.0190)        ||0.00048345577502805767
1     |  [1890/3682]    || 0.055 | (0.395)      || 6.9023 | (6.4632)    || 0.0000   |   (0.0189)        ||0.0004791970454305134
1     |  [1900/3682]    || 0.056 | (0.394)      || 6.6125 | (6.4649)    || 0.0000   |   (0.0188)        ||0.00047493986668150213
1     |  [1910/3682]    || 0.055 | (0.392)      || 6.4054 | (6.4614)    || 0.0000   |   (0.0187)        ||0.0004706845487023255
1     |  [1920/3682]    || 0.058 | (0.391)      || 6.7649 | (6.4624)    || 0.0000   |   (0.0186)        ||0.0004664314012788224
1     |  [1930/3682]    || 0.056 | (0.390)      || 6.3863 | (6.4644)    || 0.0000   |   (0.0186)        ||0.00046218073403881527
1     |  [1940/3682]    || 0.058 | (0.388)      || 6.8873 | (6.4660)    || 0.0000   |   (0.0185)        ||0.00045793285642957063
1     |  [1950/3682]    || 0.056 | (0.387)      || 6.6078 | (6.4675)    || 0.0000   |   (0.0184)        ||0.0004536880776952702
1     |  [1960/3682]    || 0.057 | (0.385)      || 6.5741 | (6.4678)    || 0.0000   |   (0.0183)        ||0.0004494467068544986
1     |  [1970/3682]    || 0.055 | (0.384)      || 2.2742 | (6.4572)    || 1.0000   |   (0.0194)        ||0.0004452090526777473
1     |  [1980/3682]    || 0.056 | (0.382)      || 8.7169 | (6.4476)    || 0.0000   |   (0.0218)        ||0.00044097542366493535
1     |  [1990/3682]    || 0.055 | (0.381)      || 6.5685 | (6.4508)    || 0.0000   |   (0.0217)        ||0.00043674612802295114
1     |  [2000/3682]    || 0.055 | (0.380)      || 6.9988 | (6.4517)    || 0.0000   |   (0.0216)        ||0.00043252147364321514
1     |  [2010/3682]    || 0.055 | (0.378)      || 6.9685 | (6.4511)    || 0.0000   |   (0.0215)        ||0.0004283017680792653
1     |  [2020/3682]    || 0.055 | (0.377)      || 6.8521 | (6.4525)    || 0.0000   |   (0.0214)        ||0.00042408731852436695
1     |  [2030/3682]    || 0.056 | (0.376)      || 6.8317 | (6.4539)    || 0.0000   |   (0.0213)        ||0.0004198784317891506
1     |  [2040/3682]    || 0.055 | (0.374)      || 6.8052 | (6.4531)    || 0.0000   |   (0.0212)        ||0.00041567541427927414
1     |  [2050/3682]    || 0.056 | (0.373)      || 7.1087 | (6.4552)    || 0.0000   |   (0.0211)        ||0.0004114785719731181
1     |  [2060/3682]    || 0.056 | (0.372)      || 6.9770 | (6.4560)    || 0.0000   |   (0.0210)        ||0.00040728821039951
1     |  [2070/3682]    || 0.057 | (0.371)      || 6.9509 | (6.4577)    || 0.0000   |   (0.0209)        ||0.000403104634615482
1     |  [2080/3682]    || 0.056 | (0.369)      || 6.7106 | (6.4596)    || 0.0000   |   (0.0208)        ||0.0003989281491840632
1     |  [2090/3682]    || 0.065 | (0.368)      || 6.2740 | (6.4611)    || 0.0000   |   (0.0207)        ||0.0003947590581521065
1     |  [2100/3682]    || 0.055 | (0.367)      || 6.3088 | (6.4623)    || 0.0000   |   (0.0206)        ||0.0003905976650281556
1     |  [2110/3682]    || 0.057 | (0.366)      || 6.9606 | (6.4558)    || 0.0000   |   (0.0211)        ||0.0003864442727603485
1     |  [2120/3682]    || 0.055 | (0.365)      || 6.9578 | (6.4576)    || 0.0000   |   (0.0210)        ||0.0003822991837143633
1     |  [2130/3682]    || 0.057 | (0.363)      || 6.9794 | (6.4597)    || 0.0000   |   (0.0209)        ||0.00037816269965140585
1     |  [2140/3682]    || 0.055 | (0.362)      || 6.9830 | (6.4619)    || 0.0000   |   (0.0208)        ||0.0003740351217062427
1     |  [2150/3682]    || 0.058 | (0.361)      || 6.0899 | (6.4628)    || 0.0000   |   (0.0207)        ||0.0003699167503652768
1     |  [2160/3682]    || 0.056 | (0.360)      || 6.7523 | (6.4641)    || 0.0000   |   (0.0207)        ||0.00036580788544467375
1     |  [2170/3682]    || 0.058 | (0.359)      || 6.7230 | (6.4650)    || 0.0000   |   (0.0206)        ||0.00036170882606853473
1     |  [2180/3682]    || 0.055 | (0.358)      || 6.8931 | (6.4654)    || 0.0000   |   (0.0205)        ||0.00035761987064711977
1     |  [2190/3682]    || 0.058 | (0.357)      || 6.5468 | (6.4666)    || 0.0000   |   (0.0204)        ||0.00035354131685512484
1     |  [2200/3682]    || 0.057 | (0.355)      || 6.2927 | (6.4670)    || 0.0000   |   (0.0203)        ||0.0003494734616100097
1     |  [2210/3682]    || 0.058 | (0.354)      || 7.1146 | (6.4678)    || 0.0000   |   (0.0202)        ||0.00034541660105038365
1     |  [2220/3682]    || 0.056 | (0.353)      || 6.7600 | (6.4690)    || 0.0000   |   (0.0201)        ||0.00034137103051444653
1     |  [2230/3682]    || 0.057 | (0.352)      || 5.5254 | (6.4692)    || 0.0000   |   (0.0200)        ||0.00033733704451848704
1     |  [2240/3682]    || 0.055 | (0.351)      || 1.9379 | (6.4563)    || 1.0000   |   (0.0225)        ||0.000333314936735444
1     |  [2250/3682]    || 0.057 | (0.350)      || 0.1226 | (6.4306)    || 1.0000   |   (0.0268)        ||0.0003293049999735252
1     |  [2260/3682]    || 0.056 | (0.349)      || 10.7071 | (6.4132)   || 0.0000   |   (0.0300)        ||0.0003253075261548923
1     |  [2270/3682]    || 0.057 | (0.348)      || 7.0577 | (6.4230)    || 0.0000   |   (0.0299)        ||0.00032132280629440827
1     |  [2280/3682]    || 0.056 | (0.347)      || 6.9286 | (6.4251)    || 0.0000   |   (0.0298)        ||0.000317351130478452
1     |  [2290/3682]    || 0.057 | (0.346)      || 6.6407 | (6.4268)    || 0.0000   |   (0.0296)        ||0.00031339278784379965
1     |  [2300/3682]    || 0.056 | (0.345)      || 6.9911 | (6.4280)    || 0.0000   |   (0.0295)        ||0.00030944806655657637
1     |  [2310/3682]    || 0.058 | (0.344)      || 6.7184 | (6.4294)    || 0.0000   |   (0.0294)        ||0.00030551725379127716
1     |  [2320/3682]    || 0.056 | (0.343)      || 6.8015 | (6.4308)    || 0.0000   |   (0.0292)        ||0.0003016006357098608
1     |  [2330/3682]    || 0.056 | (0.342)      || 6.9229 | (6.4325)    || 0.0000   |   (0.0291)        ||0.0002976984974409178
1     |  [2340/3682]    || 0.056 | (0.341)      || 6.3534 | (6.4336)    || 0.0000   |   (0.0290)        ||0.00029381112305891234
1     |  [2350/3682]    || 0.057 | (0.340)      || 6.8047 | (6.4341)    || 0.0000   |   (0.0289)        ||0.0002899387955635024
1     |  [2360/3682]    || 0.056 | (0.339)      || 6.8685 | (6.4351)    || 0.0000   |   (0.0288)        ||0.0002860817968589373
1     |  [2370/3682]    || 0.057 | (0.338)      || 6.9915 | (6.4365)    || 0.0000   |   (0.0286)        ||0.00028224040773353493
1     |  [2380/3682]    || 0.056 | (0.337)      || 6.5276 | (6.4380)    || 0.0000   |   (0.0285)        ||0.00027841490783924095
1     |  [2390/3682]    || 0.057 | (0.336)      || 6.7770 | (6.4394)    || 0.0000   |   (0.0284)        ||0.0002746055756712696
1     |  [2400/3682]    || 0.056 | (0.335)      || 6.4860 | (6.4409)    || 0.0000   |   (0.0283)        ||0.0002708126885478295
1     |  [2410/3682]    || 0.058 | (0.334)      || 6.7181 | (6.4421)    || 0.0000   |   (0.0282)        ||0.00026703652258993564
1     |  [2420/3682]    || 0.056 | (0.333)      || 6.2766 | (6.4431)    || 0.0000   |   (0.0280)        ||0.00026327735270130677
1     |  [2430/3682]    || 0.058 | (0.332)      || 6.7800 | (6.4432)    || 0.0000   |   (0.0279)        ||0.0002595354525483533
1     |  [2440/3682]    || 0.056 | (0.332)      || 6.2964 | (6.4444)    || 0.0000   |   (0.0278)        ||0.00025581109454025404
1     |  [2450/3682]    || 0.057 | (0.331)      || 6.8547 | (6.4448)    || 0.0000   |   (0.0277)        ||0.00025210454980912494
1     |  [2460/3682]    || 0.056 | (0.330)      || 6.1230 | (6.4454)    || 0.0000   |   (0.0276)        ||0.0002484160881902814
1     |  [2470/3682]    || 0.081 | (0.329)      || 2.8313 | (6.4372)    || 0.9678   |   (0.0282)        ||0.0002447459782025934
1     |  [2480/3682]    || 0.056 | (0.328)      || 0.3278 | (6.4161)    || 1.0000   |   (0.0321)        ||0.0002410944870289378
1     |  [2490/3682]    || 0.063 | (0.327)      || 0.0314 | (6.3908)    || 1.0000   |   (0.0360)        ||0.0002374618804967478
1     |  [2500/3682]    || 0.056 | (0.327)      || 0.0137 | (6.3653)    || 1.0000   |   (0.0399)        ||0.0002338484230586603
1     |  [2510/3682]    || 0.061 | (0.326)      || 0.0084 | (6.3400)    || 1.0000   |   (0.0437)        ||0.00023025437777326414
1     |  [2520/3682]    || 0.056 | (0.325)      || 0.0051 | (6.3149)    || 1.0000   |   (0.0475)        ||0.00022668000628594918
1     |  [2530/3682]    || 0.060 | (0.324)      || 0.0049 | (6.2899)    || 1.0000   |   (0.0513)        ||0.00022312556880985898
1     |  [2540/3682]    || 0.056 | (0.323)      || 0.0046 | (6.2652)    || 1.0000   |   (0.0550)        ||0.0002195913241069477
1     |  [2550/3682]    || 0.070 | (0.323)      || 0.0045 | (6.2407)    || 1.0000   |   (0.0587)        ||0.00021607752946914118
1     |  [2560/3682]    || 0.056 | (0.322)      || 10.9459 | (6.2475)   || 0.0000   |   (0.0597)        ||0.0002125844406996068
1     |  [2570/3682]    || 0.059 | (0.321)      || 6.8705 | (6.2546)    || 0.0000   |   (0.0595)        ||0.00020911231209413183
1     |  [2580/3682]    || 0.056 | (0.320)      || 6.1524 | (6.2526)    || 0.0000   |   (0.0592)        ||0.00020566139642260936
1     |  [2590/3682]    || 0.066 | (0.319)      || 6.9183 | (6.2554)    || 0.0000   |   (0.0590)        ||0.00020223194491063737
1     |  [2600/3682]    || 0.056 | (0.319)      || 6.9842 | (6.2580)    || 0.0000   |   (0.0588)        ||0.00019882420722123042
1     |  [2610/3682]    || 0.058 | (0.318)      || 6.4472 | (6.2600)    || 0.0000   |   (0.0585)        ||0.00019543843143664269
1     |  [2620/3682]    || 0.056 | (0.317)      || 6.9536 | (6.2627)    || 0.0000   |   (0.0583)        ||0.0001920748640403087
1     |  [2630/3682]    || 0.057 | (0.316)      || 7.0479 | (6.2649)    || 0.0000   |   (0.0581)        ||0.00018873374989889917
1     |  [2640/3682]    || 0.056 | (0.315)      || 6.8652 | (6.2662)    || 0.0000   |   (0.0579)        ||0.00018541533224449467
1     |  [2650/3682]    || 0.058 | (0.315)      || 6.8396 | (6.2679)    || 0.0000   |   (0.0577)        ||0.00018211985265687873
1     |  [2660/3682]    || 0.056 | (0.314)      || 6.9803 | (6.2704)    || 0.0000   |   (0.0574)        ||0.0001788475510459502
1     |  [2670/3682]    || 0.058 | (0.313)      || 6.7966 | (6.2726)    || 0.0000   |   (0.0572)        ||0.00017559866563425942
1     |  [2680/3682]    || 0.056 | (0.312)      || 7.0670 | (6.2750)    || 0.0000   |   (0.0570)        ||0.00017237343293966345
1     |  [2690/3682]    || 0.058 | (0.312)      || 6.7931 | (6.2772)    || 0.0000   |   (0.0568)        ||0.00016917208775810939
1     |  [2700/3682]    || 0.056 | (0.311)      || 6.7322 | (6.2789)    || 0.0000   |   (0.0566)        ||0.0001659948631465408
1     |  [2710/3682]    || 0.096 | (0.310)      || 6.2635 | (6.2805)    || 0.0000   |   (0.0564)        ||0.00016284199040593066
1     |  [2720/3682]    || 0.056 | (0.309)      || 6.9299 | (6.2823)    || 0.0000   |   (0.0562)        ||0.0001597136990644441
1     |  [2730/3682]    || 0.058 | (0.309)      || 6.3905 | (6.2839)    || 0.0000   |   (0.0560)        ||0.0001566102168607273
1     |  [2740/3682]    || 0.057 | (0.308)      || 6.3638 | (6.2810)    || 0.0015   |   (0.0558)        ||0.000153531769727329
1     |  [2750/3682]    || 0.058 | (0.307)      || 6.9007 | (6.2832)    || 0.0000   |   (0.0556)        ||0.00015047858177425256
1     |  [2760/3682]    || 0.056 | (0.307)      || 7.1202 | (6.2852)    || 0.0000   |   (0.0554)        ||0.00014745087527264078
1     |  [2770/3682]    || 0.069 | (0.306)      || 6.9707 | (6.2868)    || 0.0000   |   (0.0552)        ||0.0001444488706385945
1     |  [2780/3682]    || 0.056 | (0.305)      || 6.8535 | (6.2890)    || 0.0000   |   (0.0550)        ||0.00014147278641712705
1     |  [2790/3682]    || 0.064 | (0.304)      || 7.0528 | (6.2911)    || 0.0000   |   (0.0548)        ||0.00013852283926625288
1     |  [2800/3682]    || 0.056 | (0.304)      || 6.7563 | (6.2933)    || 0.0000   |   (0.0546)        ||0.0001355992439412166
1     |  [2810/3682]    || 0.058 | (0.303)      || 6.8130 | (6.2953)    || 0.0000   |   (0.0544)        ||0.00013270221327885755
1     |  [2820/3682]    || 0.056 | (0.302)      || 6.7949 | (6.2973)    || 0.0000   |   (0.0542)        ||0.00012983195818211548
1     |  [2830/3682]    || 0.057 | (0.302)      || 6.7964 | (6.2991)    || 0.0000   |   (0.0540)        ||0.00012698868760467805
1     |  [2840/3682]    || 0.055 | (0.301)      || 6.8758 | (6.3012)    || 0.0000   |   (0.0538)        ||0.00012417260853576768
1     |  [2850/3682]    || 0.057 | (0.300)      || 6.7677 | (6.3031)    || 0.0000   |   (0.0536)        ||0.00012138392598507327
1     |  [2860/3682]    || 0.056 | (0.300)      || 6.9504 | (6.3049)    || 0.0000   |   (0.0534)        ||0.00011862284296782588
1     |  [2870/3682]    || 0.057 | (0.299)      || 6.9070 | (6.3069)    || 0.0000   |   (0.0532)        ||0.0001158895604900188
1     |  [2880/3682]    || 0.055 | (0.298)      || 5.6063 | (6.3067)    || 0.0000   |   (0.0531)        ||0.00011318427753377502
1     |  [2890/3682]    || 0.057 | (0.298)      || 6.8457 | (6.3077)    || 0.0000   |   (0.0529)        ||0.00011050719104286053
1     |  [2900/3682]    || 0.055 | (0.297)      || 6.6631 | (6.3093)    || 0.0000   |   (0.0527)        ||0.00010785849590834763
1     |  [2910/3682]    || 0.057 | (0.296)      || 6.9136 | (6.3111)    || 0.0000   |   (0.0525)        ||0.00010523838495442639
1     |  [2920/3682]    || 0.055 | (0.296)      || 6.4324 | (6.3116)    || 0.0000   |   (0.0523)        ||0.00010264704892436752
1     |  [2930/3682]    || 0.056 | (0.295)      || 6.8248 | (6.3133)    || 0.0000   |   (0.0522)        ||0.00010008467646663579
1     |  [2940/3682]    || 0.055 | (0.295)      || 6.9469 | (6.3151)    || 0.0000   |   (0.0520)        ||9.755145412115758e-05
1     |  [2950/3682]    || 0.056 | (0.294)      || 6.6799 | (6.3165)    || 0.0000   |   (0.0518)        ||9.504756630573932e-05
1     |  [2960/3682]    || 0.055 | (0.293)      || 6.9931 | (6.3183)    || 0.0000   |   (0.0516)        ||9.257319530264295e-05
1     |  [2970/3682]    || 0.056 | (0.293)      || 6.8152 | (6.3203)    || 0.0000   |   (0.0515)        ||9.012852124531559e-05
1     |  [2980/3682]    || 0.055 | (0.292)      || 6.9470 | (6.3222)    || 0.0000   |   (0.0513)        ||8.771372210527567e-05
1     |  [2990/3682]    || 0.057 | (0.292)      || 6.3614 | (6.3237)    || 0.0000   |   (0.0511)        ||8.532897367915729e-05
1     |  [3000/3682]    || 0.055 | (0.291)      || 7.1565 | (6.3248)    || 0.0000   |   (0.0509)        ||8.297444957591139e-05
1     |  [3010/3682]    || 0.056 | (0.290)      || 6.9367 | (6.3270)    || 0.0000   |   (0.0508)        ||8.065032120416762e-05
1     |  [3020/3682]    || 0.055 | (0.290)      || 6.8431 | (6.3290)    || 0.0000   |   (0.0506)        ||7.83567577597558e-05
1     |  [3030/3682]    || 0.056 | (0.289)      || 6.8209 | (6.3309)    || 0.0000   |   (0.0504)        ||7.609392621338838e-05
1     |  [3040/3682]    || 0.055 | (0.289)      || 6.2328 | (6.3319)    || 0.0000   |   (0.0503)        ||7.386199129850512e-05
1     |  [3050/3682]    || 0.056 | (0.288)      || 6.7558 | (6.3326)    || 0.0000   |   (0.0501)        ||7.166111549928073e-05
1     |  [3060/3682]    || 0.055 | (0.287)      || 6.8522 | (6.3346)    || 0.0000   |   (0.0499)        ||6.949145903879545e-05
1     |  [3070/3682]    || 0.056 | (0.287)      || 6.9094 | (6.3364)    || 0.0000   |   (0.0498)        ||6.73531798673717e-05
1     |  [3080/3682]    || 0.055 | (0.286)      || 7.0223 | (6.3384)    || 0.0000   |   (0.0496)        ||6.524643365107466e-05
1     |  [3090/3682]    || 0.057 | (0.286)      || 6.8778 | (6.3403)    || 0.0000   |   (0.0495)        ||6.317137376037998e-05
1     |  [3100/3682]    || 0.056 | (0.285)      || 6.8615 | (6.3421)    || 0.0000   |   (0.0493)        ||6.112815125900904e-05
1     |  [3110/3682]    || 0.078 | (0.284)      || 6.7562 | (6.3436)    || 0.0000   |   (0.0491)        ||5.911691489293052e-05
1     |  [3120/3682]    || 0.055 | (0.284)      || 6.9009 | (6.3451)    || 0.0000   |   (0.0490)        ||5.7137811079532684e-05
1     |  [3130/3682]    || 0.057 | (0.283)      || 6.9170 | (6.3461)    || 0.0000   |   (0.0488)        ||5.5190983896963596e-05
1     |  [3140/3682]    || 0.055 | (0.283)      || 7.1117 | (6.3479)    || 0.0000   |   (0.0487)        ||5.327657507364276e-05
1     |  [3150/3682]    || 0.057 | (0.282)      || 6.9053 | (6.3499)    || 0.0000   |   (0.0485)        ||5.139472397794283e-05
1     |  [3160/3682]    || 0.055 | (0.282)      || 6.9583 | (6.3517)    || 0.0000   |   (0.0484)        ||4.954556760804442e-05
1     |  [3170/3682]    || 0.057 | (0.281)      || 6.9512 | (6.3534)    || 0.0000   |   (0.0482)        ||4.772924058196161e-05
1     |  [3180/3682]    || 0.055 | (0.281)      || 6.7156 | (6.3552)    || 0.0000   |   (0.0481)        ||4.594587512774269e-05
1     |  [3190/3682]    || 0.108 | (0.280)      || 6.9875 | (6.3562)    || 0.0000   |   (0.0479)        ||4.419560107384351e-05
1     |  [3200/3682]    || 0.055 | (0.280)      || 6.8245 | (6.3582)    || 0.0000   |   (0.0478)        ||4.2478545839676134e-05
1     |  [3210/3682]    || 0.094 | (0.279)      || 6.9110 | (6.3594)    || 0.0000   |   (0.0476)        ||4.0794834426333106e-05
1     |  [3220/3682]    || 0.055 | (0.279)      || 6.9621 | (6.3613)    || 0.0000   |   (0.0475)        ||3.91445894074868e-05
1     |  [3230/3682]    || 0.106 | (0.278)      || 7.0280 | (6.3631)    || 0.0000   |   (0.0473)        ||3.752793092046636e-05
1     |  [3240/3682]    || 0.055 | (0.278)      || 6.5704 | (6.3644)    || 0.0000   |   (0.0472)        ||3.594497665751187e-05
1     |  [3250/3682]    || 0.118 | (0.277)      || 6.9277 | (6.3655)    || 0.0000   |   (0.0470)        ||3.4395841857206144e-05
1     |  [3260/3682]    || 0.055 | (0.277)      || 6.9493 | (6.3674)    || 0.0000   |   (0.0469)        ||3.288063929608568e-05
1     |  [3270/3682]    || 0.085 | (0.276)      || 6.9401 | (6.3690)    || 0.0000   |   (0.0467)        ||3.139947928043039e-05
1     |  [3280/3682]    || 0.055 | (0.276)      || 7.0262 | (6.3710)    || 0.0000   |   (0.0466)        ||2.995246963823325e-05
1     |  [3290/3682]    || 0.078 | (0.275)      || 6.9567 | (6.3729)    || 0.0000   |   (0.0465)        ||2.8539715711350705e-05
1     |  [3300/3682]    || 0.055 | (0.275)      || 6.9798 | (6.3748)    || 0.0000   |   (0.0463)        ||2.716132034783353e-05
1     |  [3310/3682]    || 0.151 | (0.274)      || 6.9667 | (6.3765)    || 0.0000   |   (0.0462)        ||2.5817383894439722e-05
1     |  [3320/3682]    || 0.056 | (0.274)      || 7.0501 | (6.3783)    || 0.0000   |   (0.0460)        ||2.4508004189329317e-05
1     |  [3330/3682]    || 0.193 | (0.273)      || 7.0216 | (6.3801)    || 0.0000   |   (0.0459)        ||2.3233276554941683e-05
1     |  [3340/3682]    || 0.057 | (0.273)      || 6.9021 | (6.3819)    || 0.0000   |   (0.0458)        ||2.1993293791055978e-05
1     |  [3350/3682]    || 0.113 | (0.272)      || 6.9779 | (6.3836)    || 0.0000   |   (0.0456)        ||2.0788146168035722e-05
1     |  [3360/3682]    || 0.194 | (0.272)      || 6.8892 | (6.3853)    || 0.0000   |   (0.0455)        ||1.9617921420256557e-05
1     |  [3370/3682]    || 0.084 | (0.271)      || 6.9621 | (6.3869)    || 0.0000   |   (0.0454)        ||1.8482704739719944e-05
1     |  [3380/3682]    || 0.216 | (0.271)      || 6.9969 | (6.3889)    || 0.0000   |   (0.0452)        ||1.738257876985066e-05
1     |  [3390/3682]    || 0.109 | (0.270)      || 7.0591 | (6.3905)    || 0.0000   |   (0.0451)        ||1.631762359948048e-05
1     |  [3400/3682]    || 0.126 | (0.270)      || 6.9592 | (6.3924)    || 0.0000   |   (0.0450)        ||1.5287916757017828e-05
1     |  [3410/3682]    || 0.182 | (0.269)      || 6.8771 | (6.3938)    || 0.0000   |   (0.0448)        ||1.4293533204803932e-05
1     |  [3420/3682]    || 0.132 | (0.269)      || 6.9112 | (6.3952)    || 0.0000   |   (0.0447)        ||1.333454533365499e-05
1     |  [3430/3682]    || 0.212 | (0.269)      || 6.9597 | (6.3969)    || 0.0000   |   (0.0446)        ||1.2411022957592814e-05
1     |  [3440/3682]    || 0.110 | (0.268)      || 6.8267 | (6.3983)    || 0.0000   |   (0.0444)        ||1.152303330876209e-05
1     |  [3450/3682]    || 0.184 | (0.268)      || 6.9637 | (6.3998)    || 0.0000   |   (0.0443)        ||1.0670641032535692e-05
1     |  [3460/3682]    || 0.123 | (0.267)      || 6.9507 | (6.4015)    || 0.0000   |   (0.0442)        ||9.853908182808832e-06
1     |  [3470/3682]    || 0.248 | (0.267)      || 6.9867 | (6.4033)    || 0.0000   |   (0.0440)        ||9.07289421748153e-06
1     |  [3480/3682]    || 0.113 | (0.266)      || 6.8862 | (6.4049)    || 0.0000   |   (0.0439)        ||8.327655994129975e-06
1     |  [3490/3682]    || 0.156 | (0.266)      || 6.9857 | (6.4063)    || 0.0000   |   (0.0438)        ||7.618247765867363e-06
1     |  [3500/3682]    || 0.176 | (0.265)      || 6.9987 | (6.4080)    || 0.0000   |   (0.0437)        ||6.944721177394234e-06
1     |  [3510/3682]    || 0.188 | (0.265)      || 6.9890 | (6.4097)    || 0.0000   |   (0.0435)        ||6.307125261238865e-06
1     |  [3520/3682]    || 0.158 | (0.265)      || 7.0701 | (6.4114)    || 0.0000   |   (0.0434)        ||5.705506434187538e-06
1     |  [3530/3682]    || 0.174 | (0.264)      || 6.9929 | (6.4131)    || 0.0000   |   (0.0433)        ||5.139908493905612e-06
1     |  [3540/3682]    || 0.197 | (0.264)      || 6.9087 | (6.4147)    || 0.0000   |   (0.0432)        ||4.610372615749058e-06
1     |  [3550/3682]    || 0.138 | (0.263)      || 7.0433 | (6.4163)    || 0.0000   |   (0.0431)        ||4.116937349766691e-06
1     |  [3560/3682]    || 0.096 | (0.263)      || 6.9940 | (6.4180)    || 0.0000   |   (0.0429)        ||3.6596386178938936e-06
1     |  [3570/3682]    || 0.165 | (0.262)      || 7.0170 | (6.4197)    || 0.0000   |   (0.0428)        ||3.238509711337654e-06
1     |  [3580/3682]    || 0.220 | (0.262)      || 6.9846 | (6.4212)    || 0.0000   |   (0.0427)        ||2.8535812881525557e-06
1     |  [3590/3682]    || 0.132 | (0.261)      || 6.9418 | (6.4226)    || 0.0000   |   (0.0426)        ||2.5048813710093413e-06
1     |  [3600/3682]    || 0.193 | (0.261)      || 7.0191 | (6.4242)    || 0.0000   |   (0.0425)        ||2.192435345154602e-06
1     |  [3610/3682]    || 0.121 | (0.261)      || 6.9706 | (6.4257)    || 0.0000   |   (0.0423)        ||1.9162659565627614e-06
1     |  [3620/3682]    || 0.185 | (0.260)      || 6.9506 | (6.4270)    || 0.0000   |   (0.0422)        ||1.6763933102803466e-06
1     |  [3630/3682]    || 0.162 | (0.260)      || 6.9973 | (6.4284)    || 0.0000   |   (0.0421)        ||1.4728348689621163e-06
1     |  [3640/3682]    || 0.161 | (0.259)      || 6.9748 | (6.4299)    || 0.0000   |   (0.0420)        ||1.3056054515999126e-06
1     |  [3650/3682]    || 0.220 | (0.259)      || 7.0819 | (6.4315)    || 0.0000   |   (0.0419)        ||1.17471723244377e-06
1     |  [3660/3682]    || 0.140 | (0.259)      || 6.8934 | (6.4330)    || 0.0000   |   (0.0418)        ||1.0801797401158458e-06
1     |  [3670/3682]    || 0.215 | (0.258)      || 6.9425 | (6.4342)    || 0.0000   |   (0.0416)        ||1.0219998569163357e-06
1     |  [3680/3682]    || 0.092 | (0.258)      || 6.9871 | (6.4356)    || 0.0000   |   (0.0415)        ||1.0001818183229333e-06
 * average GAP on train 0.0415
